341.0,220.0,229.0,154.0
341.0,224.0,217.0,149.0
341.0,218.0,218.0,152.0
342.0,220.0,217.0,149.0
342.0,217.0,217.0,150.0
342.0,218.0,217.0,149.0
341.0,215.0,217.0,149.0
341.0,213.0,217.0,150.0
341.0,212.0,217.0,148.0
341.0,212.0,217.0,147.0
341.0,210.0,217.0,147.0
342.0,210.0,217.0,148.0
342.0,209.0,217.0,148.0
342.0,210.0,218.0,146.0
342.0,206.0,217.0,149.0
343.0,206.0,217.0,148.0
344.0,207.0,217.0,147.0
342.0,205.0,218.0,149.0
343.0,204.0,217.0,150.0
343.0,202.0,217.0,151.0
345.0,201.0,217.0,151.0
343.0,202.0,217.0,153.0
345.0,204.0,218.0,152.0
344.0,204.0,219.0,151.0
343.0,205.0,219.0,152.0
344.0,215.0,219.0,149.0
347.0,219.0,229.0,149.0
347.0,224.0,216.0,148.0
346.0,226.0,217.0,148.0
346.0,226.0,218.0,150.0
346.0,229.0,217.0,150.0
345.0,228.0,227.0,151.0
340.0,230.0,217.0,150.0
349.0,229.0,216.0,152.0
341.0,227.0,217.0,154.0
317.0,228.0,216.0,153.0
312.0,228.0,217.0,145.0
328.0,224.0,216.0,151.0
339.0,227.0,217.0,150.0
334.0,225.0,217.0,150.0
330.0,225.0,216.0,148.0
330.0,225.0,217.0,145.0
328.0,224.0,217.0,145.0
328.0,221.0,218.0,149.0
329.0,223.0,218.0,147.0
325.0,224.0,219.0,146.0
327.0,221.0,218.0,151.0
328.0,222.0,215.0,151.0
319.0,222.0,216.0,151.0
316.0,222.0,229.0,153.0
307.0,222.0,223.0,151.0
306.0,220.0,218.0,153.0
300.0,221.0,219.0,151.0
295.0,221.0,221.0,152.0
292.0,221.0,220.0,152.0
288.0,221.0,222.0,152.0
284.0,221.0,223.0,152.0
281.0,215.0,220.0,156.0
277.0,216.0,220.0,154.0
274.0,218.0,220.0,149.0
270.0,215.0,225.0,152.0
268.0,213.0,222.0,153.0
264.0,209.0,222.0,157.0
261.0,206.0,222.0,156.0
262.0,208.0,229.0,153.0
266.0,206.0,232.0,154.0
266.0,205.0,233.0,154.0
271.0,205.0,221.0,154.0
275.0,205.0,221.0,152.0
275.0,202.0,219.0,155.0
273.0,203.0,220.0,153.0
272.0,201.0,220.0,156.0
269.0,203.0,220.0,155.0
269.0,203.0,221.0,154.0
269.0,202.0,220.0,149.0
267.0,202.0,220.0,149.0
267.0,199.0,220.0,150.0
265.0,201.0,219.0,146.0
263.0,199.0,219.0,147.0
261.0,192.0,217.0,153.0
262.0,193.0,219.0,152.0
263.0,186.0,216.0,155.0
265.0,184.0,214.0,151.0
264.0,180.0,214.0,154.0
264.0,176.0,212.0,155.0
264.0,177.0,212.0,152.0
263.0,174.0,212.0,153.0
265.0,174.0,210.0,149.0
277.0,174.0,209.0,147.0
285.0,169.0,208.0,151.0
283.0,168.0,205.0,150.0
281.0,166.0,204.0,152.0
282.0,165.0,203.0,150.0
280.0,166.0,204.0,150.0
281.0,171.0,205.0,150.0
283.0,172.0,203.0,153.0
286.0,171.0,203.0,159.0
288.0,179.0,202.0,160.0
292.0,184.0,202.0,160.0
295.0,195.0,202.0,155.0
295.0,206.0,203.0,153.0
297.0,213.0,201.0,154.0
299.0,222.0,201.0,153.0
299.0,229.0,203.0,155.0
299.0,235.0,202.0,154.0
304.0,246.0,202.0,149.0
309.0,252.0,204.0,148.0
311.0,259.0,202.0,148.0
312.0,260.0,203.0,152.0
314.0,263.0,202.0,152.0
319.0,267.0,205.0,151.0
320.0,270.0,206.0,153.0
322.0,273.0,206.0,153.0
322.0,284.0,207.0,140.0
326.0,288.0,207.0,144.0
331.0,289.0,208.0,145.0
337.0,290.0,209.0,147.0
336.0,294.0,211.0,146.0
337.0,294.0,214.0,147.0
338.0,296.0,212.0,146.0
336.0,296.0,213.0,145.0
335.0,297.0,218.0,144.0
336.0,296.0,216.0,145.0
337.0,295.0,218.0,144.0
337.0,295.0,221.0,145.0
335.0,292.0,220.0,145.0
334.0,291.0,220.0,147.0
332.0,290.0,224.0,143.0
332.0,289.0,227.0,144.0
329.0,287.0,230.0,144.0
327.0,285.0,232.0,146.0
329.0,284.0,222.0,143.0
328.0,284.0,223.0,147.0
328.0,287.0,225.0,144.0
329.0,290.0,225.0,144.0
329.0,295.0,225.0,144.0
329.0,294.0,225.0,145.0
327.0,294.0,226.0,143.0
325.0,293.0,227.0,145.0
326.0,292.0,227.0,144.0
329.0,292.0,227.0,148.0
330.0,293.0,224.0,144.0
328.0,292.0,224.0,147.0
326.0,292.0,224.0,150.0
326.0,291.0,224.0,149.0
330.0,290.0,224.0,150.0
333.0,287.0,223.0,144.0
333.0,284.0,223.0,149.0
336.0,281.0,223.0,148.0
344.0,280.0,222.0,148.0
352.0,290.0,221.0,147.0
352.0,302.0,222.0,151.0
355.0,308.0,221.0,148.0
354.0,307.0,221.0,151.0
355.0,314.0,220.0,151.0
352.0,313.0,221.0,152.0
352.0,314.0,220.0,152.0
350.0,317.0,220.0,152.0
346.0,310.0,220.0,161.0
356.0,314.0,221.0,153.0
368.0,311.0,220.0,159.0
363.0,315.0,221.0,157.0
358.0,311.0,222.0,158.0
358.0,315.0,222.0,153.0
347.0,315.0,222.0,152.0
338.0,311.0,222.0,153.0
344.0,310.0,222.0,158.0
355.0,305.0,222.0,159.0
361.0,300.0,222.0,164.0
350.0,296.0,221.0,160.0
336.0,283.0,224.0,164.0
332.0,277.0,221.0,158.0
330.0,266.0,221.0,163.0
324.0,259.0,221.0,162.0
320.0,261.0,221.0,170.0
319.0,267.0,222.0,164.0
320.0,265.0,221.0,161.0
322.0,255.0,218.0,163.0
336.0,236.0,217.0,165.0
339.0,213.0,216.0,162.0
343.0,184.0,216.0,163.0
349.0,166.0,217.0,164.0
355.0,148.0,215.0,165.0
361.0,123.0,214.0,166.0
358.0,120.0,214.0,167.0
357.0,134.0,214.0,163.0
368.0,135.0,215.0,160.0
386.0,118.0,213.0,165.0
382.0,103.0,212.0,164.0
365.0,90.0,211.0,160.0
356.0,78.0,211.0,161.0
358.0,63.0,211.0,160.0
363.0,50.0,209.0,161.0
367.0,42.0,208.0,161.0
365.0,45.0,208.0,162.0
352.0,58.0,208.0,158.0
350.0,63.0,206.0,163.0
355.0,67.0,205.0,161.0
357.0,60.0,205.0,163.0
356.0,60.0,204.0,163.0
355.0,64.0,204.0,163.0
359.0,67.0,203.0,162.0
365.0,72.0,202.0,160.0
368.0,81.0,203.0,161.0
374.0,104.0,201.0,161.0
379.0,127.0,200.0,158.0
384.0,147.0,199.0,158.0
388.0,159.0,199.0,168.0
379.0,179.0,200.0,165.0
389.0,193.0,199.0,169.0
405.0,193.0,198.0,169.0
403.0,199.0,198.0,160.0
385.0,194.0,197.0,163.0
368.0,196.0,196.0,163.0
367.0,197.0,195.0,169.0
378.0,195.0,194.0,169.0
380.0,190.0,194.0,169.0
368.0,193.0,193.0,177.0
360.0,202.0,193.0,176.0
357.0,208.0,193.0,175.0
352.0,213.0,190.0,174.0
346.0,222.0,190.0,175.0
343.0,223.0,189.0,182.0
344.0,230.0,187.0,183.0
349.0,232.0,186.0,182.0
354.0,234.0,186.0,185.0
359.0,231.0,185.0,188.0
364.0,226.0,184.0,190.0
366.0,224.0,183.0,192.0
369.0,229.0,182.0,185.0
368.0,229.0,182.0,186.0
367.0,236.0,181.0,188.0
374.0,235.0,178.0,196.0
376.0,240.0,177.0,191.0
376.0,243.0,178.0,191.0
375.0,242.0,175.0,198.0
366.0,255.0,174.0,189.0
360.0,256.0,172.0,192.0
367.0,264.0,172.0,191.0
372.0,269.0,170.0,193.0
371.0,271.0,169.0,194.0
370.0,276.0,168.0,194.0
369.0,285.0,168.0,190.0
368.0,288.0,167.0,188.0
371.0,290.0,164.0,186.0
374.0,291.0,162.0,188.0
377.0,290.0,162.0,189.0
380.0,288.0,160.0,187.0
383.0,288.0,158.0,191.0
384.0,288.0,156.0,186.0
386.0,291.0,155.0,183.0
386.0,294.0,158.0,182.0
387.0,297.0,156.0,179.0
388.0,298.0,155.0,179.0
383.0,288.0,154.0,179.0
377.0,289.0,155.0,178.0
370.0,290.0,153.0,170.0
372.0,277.0,151.0,175.0
379.0,257.0,151.0,180.0
377.0,256.0,150.0,173.0
368.0,250.0,148.0,173.0
363.0,249.0,144.0,168.0
372.0,234.0,143.0,166.0
369.0,229.0,144.0,160.0
371.0,221.0,141.0,163.0
372.0,215.0,142.0,161.0
373.0,216.0,140.0,154.0
375.0,208.0,138.0,154.0
372.0,203.0,140.0,149.0
374.0,199.0,140.0,148.0
377.0,194.0,139.0,148.0
380.0,194.0,137.0,142.0
382.0,192.0,138.0,144.0
384.0,197.0,137.0,138.0
383.0,194.0,138.0,137.0
385.0,192.0,136.0,139.0
384.0,192.0,137.0,140.0
382.0,195.0,136.0,137.0
381.0,192.0,132.0,138.0
381.0,194.0,129.0,133.0
378.0,192.0,131.0,133.0
375.0,192.0,133.0,135.0
368.0,191.0,132.0,133.0
363.0,190.0,130.0,133.0
356.0,191.0,132.0,132.0
353.0,192.0,130.0,130.0
351.0,194.0,129.0,130.0
346.0,191.0,128.0,133.0
344.0,192.0,126.0,131.0
343.0,191.0,128.0,126.0
330.0,192.0,127.0,129.0
330.0,197.0,129.0,122.0
326.0,194.0,128.0,125.0
327.0,194.0,127.0,129.0
323.0,196.0,126.0,127.0
319.0,194.0,126.0,127.0
314.0,195.0,123.0,128.0
308.0,199.0,122.0,124.0
306.0,197.0,122.0,128.0
311.0,201.0,121.0,127.0
319.0,200.0,122.0,127.0
325.0,205.0,120.0,127.0
331.0,204.0,118.0,125.0
337.0,204.0,117.0,122.0
336.0,203.0,117.0,125.0
331.0,204.0,115.0,121.0
327.0,202.0,115.0,126.0
322.0,202.0,116.0,124.0
319.0,199.0,114.0,131.0
314.0,198.0,113.0,129.0
310.0,197.0,112.0,127.0
309.0,191.0,111.0,132.0
306.0,192.0,110.0,129.0
310.0,184.0,111.0,138.0
317.0,191.0,109.0,131.0
317.0,194.0,109.0,126.0
317.0,193.0,106.0,130.0
319.0,191.0,107.0,125.0
324.0,188.0,109.0,125.0
330.0,185.0,106.0,130.0
337.0,185.0,105.0,128.0
344.0,183.0,103.0,130.0
346.0,183.0,102.0,127.0
351.0,182.0,102.0,131.0
362.0,181.0,102.0,129.0
369.0,180.0,102.0,131.0
370.0,181.0,102.0,128.0
375.0,178.0,101.0,134.0
376.0,177.0,100.0,132.0
374.0,175.0,99.0,135.0
373.0,175.0,96.0,132.0
372.0,171.0,94.0,133.0
368.0,168.0,98.0,137.0
367.0,171.0,97.0,133.0
367.0,169.0,96.0,135.0
367.0,170.0,97.0,132.0
367.0,167.0,94.0,134.0
367.0,163.0,92.0,136.0
368.0,168.0,90.0,131.0
366.0,167.0,90.0,133.0
364.0,168.0,93.0,129.0
366.0,168.0,88.0,128.0
365.0,170.0,90.0,126.0
363.0,166.0,87.0,131.0
362.0,172.0,86.0,126.0
362.0,176.0,84.0,121.0
362.0,177.0,86.0,123.0
359.0,179.0,86.0,123.0
359.0,183.0,84.0,119.0
358.0,182.0,83.0,121.0
356.0,182.0,84.0,122.0
355.0,183.0,80.0,122.0
353.0,189.0,79.0,117.0
352.0,189.0,78.0,119.0
349.0,190.0,81.0,119.0
347.0,191.0,77.0,119.0
348.0,195.0,75.0,116.0
344.0,194.0,76.0,120.0
345.0,190.0,74.0,126.0
344.0,202.0,73.0,116.0
341.0,203.0,73.0,117.0
342.0,200.0,68.0,121.0
340.0,209.0,69.0,115.0
339.0,209.0,70.0,117.0
335.0,214.0,70.0,114.0
337.0,212.0,67.0,117.0
336.0,216.0,67.0,113.0
334.0,220.0,66.0,111.0
334.0,218.0,64.0,115.0
335.0,216.0,62.0,118.0
333.0,217.0,62.0,119.0
333.0,229.0,60.0,108.0
331.0,234.0,60.0,106.0
330.0,239.0,59.0,105.0
326.0,241.0,61.0,106.0
327.0,245.0,59.0,106.0
325.0,251.0,59.0,105.0
326.0,255.0,58.0,102.0
321.0,259.0,62.0,101.0
324.0,258.0,59.0,104.0
326.0,266.0,56.0,98.0
324.0,264.0,60.0,102.0
328.0,270.0,56.0,97.0
324.0,273.0,60.0,96.0
327.0,278.0,56.0,93.0
326.0,285.0,57.0,89.0
322.0,288.0,57.0,87.0
317.0,286.0,55.0,91.0
304.0,291.0,58.0,88.0
303.0,292.0,54.0,90.0
299.0,298.0,54.0,85.0
292.0,300.0,56.0,84.0
287.0,300.0,54.0,86.0
280.0,300.0,56.0,87.0
282.0,307.0,52.0,82.0
276.0,309.0,54.0,80.0
279.0,315.0,52.0,76.0
276.0,313.0,52.0,79.0
273.0,314.0,52.0,80.0
275.0,318.0,48.0,76.0
272.0,319.0,50.0,77.0
272.0,324.0,53.0,73.0
276.0,324.0,50.0,74.0
275.0,324.0,52.0,75.0
275.0,328.0,50.0,72.0
278.0,329.0,50.0,72.0
279.0,330.0,51.0,72.0
285.0,335.0,46.0,68.0
286.0,336.0,45.0,69.0
285.0,337.0,46.0,70.0
286.0,342.0,46.0,65.0
286.0,341.0,45.0,68.0
290.0,340.0,46.0,68.0
290.0,345.0,45.0,64.0
289.0,345.0,45.0,64.0
287.0,345.0,46.0,65.0
290.0,348.0,45.0,61.0
290.0,351.0,44.0,59.0
290.0,351.0,44.0,59.0
291.0,352.0,41.0,57.0
291.0,352.0,42.0,58.0
295.0,351.0,39.0,59.0
293.0,351.0,41.0,58.0
296.0,352.0,42.0,57.0
298.0,353.0,42.0,55.0
303.0,353.0,43.0,55.0
306.0,355.0,43.0,53.0
311.0,354.0,39.0,55.0
312.0,356.0,40.0,53.0
316.0,357.0,39.0,53.0
320.0,359.0,40.0,50.0
317.0,357.0,40.0,53.0
316.0,359.0,39.0,50.0
314.0,358.0,39.0,51.0
314.0,356.0,41.0,51.0
313.0,354.0,39.0,49.0
315.0,350.0,38.0,50.0
313.0,348.0,40.0,50.0
313.0,344.0,37.0,52.0
313.0,339.0,37.0,51.0
312.0,337.0,37.0,49.0
312.0,333.0,38.0,49.0
313.0,331.0,37.0,46.0
307.0,329.0,35.0,45.0
303.0,325.0,35.0,46.0
302.0,321.0,36.0,47.0
303.0,316.0,36.0,49.0
304.0,317.0,36.0,46.0
303.0,317.0,33.0,45.0
302.0,314.0,34.0,45.0
303.0,312.0,34.0,46.0
304.0,309.0,34.0,45.0
303.0,306.0,35.0,47.0
301.0,308.0,33.0,43.0
297.0,306.0,32.0,44.0
296.0,307.0,33.0,41.0
297.0,305.0,33.0,39.0
299.0,303.0,33.0,40.0
299.0,301.0,32.0,41.0
298.0,298.0,32.0,41.0
298.0,296.0,32.0,43.0
300.0,296.0,32.0,41.0
302.0,293.0,32.0,41.0
305.0,295.0,31.0,38.0
302.0,293.0,32.0,39.0
303.0,292.0,31.0,40.0
305.0,293.0,30.0,38.0
305.0,292.0,30.0,37.0
306.0,290.0,31.0,39.0
306.0,286.0,31.0,40.0
300.0,288.0,32.0,36.0
298.0,285.0,31.0,38.0
294.0,285.0,32.0,37.0
290.0,284.0,31.0,35.0
290.0,282.0,30.0,36.0
290.0,280.0,30.0,36.0
290.0,279.0,30.0,34.0
290.0,276.0,30.0,36.0
291.0,273.0,30.0,37.0
291.0,271.0,31.0,37.0
291.0,268.0,31.0,38.0
293.0,268.0,30.0,36.0
294.0,267.0,30.0,36.0
296.0,265.0,29.0,36.0
298.0,266.0,30.0,33.0
301.0,263.0,31.0,34.0
304.0,260.0,29.0,36.0
307.0,257.0,30.0,37.0
312.0,257.0,29.0,35.0
315.0,255.0,29.0,37.0
320.0,256.0,28.0,32.0
322.0,253.0,29.0,34.0
325.0,250.0,29.0,35.0
328.0,250.0,28.0,35.0
331.0,250.0,28.0,33.0
335.0,250.0,28.0,34.0
340.0,250.0,27.0,33.0
344.0,250.0,27.0,35.0
347.0,254.0,28.0,32.0
351.0,255.0,27.0,32.0
356.0,255.0,27.0,32.0
361.0,255.0,26.0,33.0
364.0,259.0,27.0,31.0
365.0,259.0,27.0,31.0
366.0,258.0,27.0,32.0
368.0,258.0,26.0,32.0
370.0,260.0,25.0,30.0
371.0,260.0,25.0,31.0
370.0,259.0,25.0,33.0
371.0,260.0,24.0,33.0
370.0,263.0,24.0,29.0
370.0,262.0,25.0,29.0
370.0,261.0,24.0,31.0
371.0,262.0,23.0,33.0
372.0,263.0,24.0,31.0
373.0,267.0,24.0,30.0
375.0,270.0,24.0,28.0
377.0,270.0,24.0,29.0
378.0,269.0,24.0,30.0
380.0,271.0,22.0,28.0
381.0,271.0,23.0,27.0
383.0,269.0,22.0,28.0
382.0,268.0,23.0,29.0
382.0,266.0,22.0,29.0
382.0,264.0,22.0,30.0
384.0,264.0,22.0,30.0
385.0,265.0,22.0,25.0
383.0,264.0,22.0,25.0
383.0,262.0,23.0,27.0
383.0,260.0,23.0,28.0
385.0,258.0,23.0,28.0
387.0,256.0,23.0,30.0
389.0,257.0,21.0,28.0
390.0,256.0,22.0,26.0
392.0,255.0,22.0,27.0
394.0,253.0,21.0,28.0
395.0,253.0,22.0,26.0
397.0,251.0,20.0,29.0
397.0,251.0,20.0,26.0
398.0,251.0,20.0,26.0
397.0,253.0,19.0,23.0
396.0,251.0,19.0,24.0
394.0,252.0,19.0,23.0
391.0,253.0,19.0,24.0
386.0,252.0,19.0,25.0
382.0,255.0,19.0,22.0
379.0,254.0,19.0,23.0
375.0,253.0,19.0,24.0
372.0,252.0,17.0,25.0
369.0,255.0,17.0,21.0
366.0,254.0,17.0,22.0
365.0,254.0,17.0,23.0
363.0,255.0,17.0,22.0
363.0,254.0,16.0,23.0
361.0,255.0,17.0,22.0
361.0,255.0,17.0,22.0
361.0,256.0,18.0,23.0
363.0,258.0,17.0,21.0
364.0,259.0,17.0,21.0
367.0,259.0,16.0,22.0
367.0,259.0,16.0,22.0
368.0,262.0,16.0,20.0
370.0,262.0,16.0,20.0
371.0,261.0,16.0,19.0
372.0,258.0,17.0,21.0
373.0,255.0,17.0,22.0
375.0,255.0,16.0,20.0
377.0,246.0,16.0,20.0
378.0,240.0,16.0,20.0
381.0,237.0,15.0,19.0
383.0,236.0,16.0,19.0
387.0,236.0,16.0,20.0
391.0,232.0,15.0,19.0
395.0,231.0,15.0,19.0
398.0,229.0,15.0,17.0
401.0,227.0,15.0,18.0
406.0,224.0,15.0,19.0
409.0,224.0,16.0,18.0
413.0,222.0,16.0,20.0
416.0,221.0,16.0,20.0
419.0,219.0,17.0,20.0
422.0,223.0,17.0,16.0
425.0,221.0,17.0,18.0
426.0,221.0,17.0,18.0
427.0,221.0,16.0,17.0
427.0,223.0,17.0,15.0
427.0,221.0,16.0,17.0
426.0,221.0,16.0,16.0
426.0,219.0,16.0,18.0
426.0,219.0,16.0,17.0
426.0,218.0,16.0,18.0
426.0,218.0,16.0,18.0
426.0,216.0,15.0,18.0
425.0,218.0,16.0,17.0
426.0,216.0,16.0,18.0
427.0,214.0,15.0,19.0
428.0,214.0,16.0,18.0
431.0,213.0,14.0,18.0
432.0,214.0,15.0,15.0
434.0,211.0,15.0,16.0
436.0,210.0,16.0,17.0
439.0,207.0,15.0,18.0
441.0,207.0,15.0,16.0
444.0,203.0,15.0,16.0
448.0,201.0,15.0,17.0
450.0,199.0,15.0,16.0
453.0,198.0,16.0,15.0
456.0,192.0,16.0,18.0
460.0,189.0,15.0,15.0
464.0,187.0,15.0,14.0
451.0,181.0,15.0,16.0
443.0,178.0,15.0,17.0
445.0,174.0,15.0,18.0
446.0,172.0,15.0,19.0
444.0,170.0,16.0,19.0
440.0,168.0,14.0,20.0
434.0,167.0,14.0,21.0
426.0,167.0,15.0,17.0
420.0,167.0,16.0,16.0
414.0,165.0,16.0,18.0
415.0,162.0,15.0,19.0
408.0,161.0,15.0,19.0
398.0,160.0,17.0,19.0
391.0,160.0,15.0,17.0
383.0,160.0,15.0,17.0
375.0,158.0,16.0,17.0
376.0,157.0,15.0,18.0
387.0,158.0,16.0,18.0
392.0,155.0,15.0,19.0
401.0,155.0,15.0,18.0
418.0,157.0,15.0,18.0
421.0,159.0,15.0,16.0
408.0,155.0,15.0,18.0
370.0,155.0,15.0,18.0
367.0,156.0,15.0,18.0
357.0,159.0,16.0,16.0
361.0,156.0,15.0,17.0
367.0,156.0,16.0,18.0
367.0,155.0,16.0,17.0
370.0,155.0,17.0,17.0
381.0,154.0,16.0,16.0
391.0,153.0,16.0,17.0
395.0,153.0,16.0,16.0
400.0,150.0,17.0,18.0
400.0,151.0,15.0,17.0
394.0,149.0,16.0,18.0
388.0,150.0,16.0,17.0
380.0,148.0,17.0,18.0
375.0,148.0,17.0,17.0
371.0,149.0,15.0,17.0
365.0,148.0,16.0,17.0
360.0,149.0,16.0,16.0
353.0,151.0,17.0,16.0
349.0,151.0,16.0,17.0
346.0,151.0,15.0,17.0
340.0,152.0,16.0,17.0
344.0,153.0,16.0,16.0
346.0,154.0,15.0,15.0
348.0,154.0,16.0,16.0
349.0,153.0,17.0,18.0
353.0,152.0,16.0,18.0
357.0,153.0,17.0,16.0
362.0,150.0,16.0,13.0
367.0,148.0,16.0,14.0
373.0,147.0,16.0,14.0
377.0,146.0,18.0,14.0
383.0,146.0,18.0,14.0
389.0,145.0,16.0,14.0
392.0,144.0,16.0,15.0
394.0,145.0,17.0,14.0
397.0,147.0,16.0,13.0
400.0,144.0,17.0,14.0
403.0,145.0,19.0,14.0
406.0,145.0,17.0,14.0
411.0,145.0,18.0,14.0
413.0,146.0,18.0,14.0
416.0,144.0,16.0,14.0
415.0,145.0,16.0,14.0
412.0,145.0,18.0,13.0
411.0,144.0,18.0,12.0
408.0,143.0,19.0,13.0
407.0,141.0,17.0,13.0
404.0,142.0,19.0,12.0
403.0,141.0,19.0,13.0
401.0,139.0,19.0,14.0
399.0,139.0,20.0,13.0
399.0,139.0,20.0,12.0
397.0,138.0,18.0,13.0
396.0,136.0,19.0,15.0
395.0,138.0,18.0,13.0
392.0,138.0,19.0,14.0
390.0,140.0,19.0,13.0
387.0,140.0,19.0,12.0
385.0,140.0,19.0,13.0
383.0,143.0,20.0,12.0
381.0,144.0,20.0,14.0
378.0,144.0,21.0,15.0
376.0,146.0,21.0,14.0
375.0,145.0,20.0,16.0
372.0,148.0,22.0,14.0
370.0,150.0,21.0,13.0
368.0,150.0,21.0,13.0
364.0,150.0,20.0,14.0
359.0,149.0,20.0,14.0
354.0,149.0,20.0,14.0
352.0,150.0,19.0,12.0
350.0,149.0,20.0,13.0
350.0,151.0,17.0,12.0
