739.0,230.0,178.0,103.0
742.0,235.0,171.0,99.0
741.0,246.0,177.0,90.0
742.0,246.0,177.0,91.0
741.0,249.0,179.0,87.0
744.0,248.0,177.0,91.0
749.0,245.0,172.0,94.0
751.0,247.0,171.0,93.0
756.0,246.0,175.0,95.0
759.0,244.0,163.0,97.0
761.0,244.0,160.0,97.0
766.0,241.0,157.0,100.0
755.0,242.0,173.0,98.0
757.0,238.0,170.0,99.0
763.0,239.0,165.0,96.0
766.0,239.0,163.0,94.0
767.0,237.0,162.0,98.0
770.0,237.0,161.0,100.0
770.0,236.0,173.0,102.0
768.0,221.0,184.0,116.0
771.0,209.0,188.0,130.0
774.0,202.0,185.0,159.0
777.0,202.0,182.0,165.0
781.0,202.0,178.0,145.0
786.0,202.0,173.0,140.0
787.0,202.0,172.0,134.0
796.0,202.0,163.0,135.0
797.0,202.0,162.0,133.0
800.0,202.0,159.0,133.0
801.0,202.0,158.0,129.0
807.0,202.0,152.0,131.0
808.0,202.0,151.0,134.0
822.0,202.0,137.0,131.0
823.0,204.0,136.0,134.0
827.0,208.0,132.0,131.0
829.0,219.0,130.0,113.0
831.0,216.0,128.0,104.0
829.0,216.0,130.0,108.0
833.0,216.0,126.0,105.0
845.0,216.0,114.0,98.0
837.0,214.0,122.0,102.0
842.0,216.0,117.0,97.0
841.0,215.0,118.0,99.0
854.0,214.0,105.0,101.0
849.0,214.0,110.0,100.0
850.0,212.0,109.0,100.0
860.0,209.0,99.0,102.0
864.0,209.0,95.0,101.0
868.0,208.0,91.0,102.0
877.0,209.0,82.0,101.0
879.0,206.0,80.0,104.0
880.0,207.0,79.0,100.0
885.0,206.0,74.0,103.0
886.0,205.0,73.0,86.0
888.0,204.0,71.0,86.0
890.0,203.0,69.0,86.0
891.0,200.0,68.0,88.0
893.0,199.0,66.0,89.0
896.0,199.0,63.0,89.0
895.0,198.0,64.0,91.0
899.0,198.0,60.0,94.0
898.0,201.0,61.0,91.0
898.0,201.0,61.0,94.0
895.0,201.0,64.0,96.0
896.0,202.0,63.0,96.0
896.0,202.0,63.0,96.0
900.0,203.0,59.0,96.0
901.0,204.0,58.0,97.0
904.0,204.0,55.0,96.0
903.0,205.0,56.0,96.0
903.0,205.0,56.0,95.0
904.0,203.0,55.0,100.0
905.0,204.0,54.0,98.0
904.0,204.0,55.0,101.0
907.0,205.0,52.0,99.0
906.0,205.0,53.0,99.0
906.0,206.0,53.0,96.0
905.0,207.0,54.0,94.0
904.0,206.0,55.0,100.0
904.0,205.0,55.0,102.0
904.0,204.0,55.0,104.0
902.0,203.0,57.0,106.0
893.0,203.0,66.0,106.0
895.0,203.0,64.0,104.0
894.0,203.0,65.0,97.0
893.0,203.0,66.0,101.0
890.0,202.0,69.0,99.0
879.0,202.0,80.0,103.0
878.0,201.0,81.0,108.0
873.0,202.0,86.0,108.0
875.0,202.0,84.0,109.0
875.0,203.0,84.0,108.0
871.0,203.0,88.0,110.0
868.0,203.0,91.0,111.0
867.0,206.0,92.0,106.0
871.0,207.0,88.0,105.0
872.0,207.0,87.0,105.0
896.0,207.0,63.0,101.0
896.0,207.0,63.0,101.0
896.0,206.0,63.0,104.0
896.0,205.0,63.0,99.0
895.0,206.0,64.0,112.0
861.0,205.0,98.0,114.0
858.0,206.0,101.0,109.0
855.0,209.0,104.0,103.0
858.0,210.0,101.0,104.0
858.0,210.0,101.0,106.0
858.0,210.0,101.0,100.0
857.0,209.0,102.0,102.0
857.0,210.0,102.0,100.0
857.0,213.0,102.0,97.0
857.0,211.0,102.0,99.0
857.0,213.0,102.0,98.0
858.0,214.0,101.0,97.0
857.0,215.0,102.0,95.0
854.0,212.0,105.0,106.0
848.0,214.0,111.0,105.0
841.0,216.0,118.0,103.0
836.0,215.0,123.0,102.0
832.0,213.0,127.0,105.0
828.0,219.0,131.0,99.0
827.0,219.0,132.0,100.0
827.0,221.0,132.0,98.0
828.0,213.0,131.0,106.0
825.0,210.0,134.0,109.0
830.0,211.0,129.0,109.0
830.0,211.0,129.0,104.0
830.0,211.0,129.0,97.0
833.0,209.0,126.0,95.0
834.0,206.0,125.0,97.0
835.0,206.0,124.0,97.0
836.0,206.0,123.0,98.0
831.0,206.0,128.0,99.0
828.0,206.0,131.0,98.0
828.0,206.0,131.0,99.0
830.0,206.0,129.0,98.0
830.0,206.0,129.0,97.0
831.0,206.0,128.0,98.0
833.0,206.0,126.0,98.0
830.0,207.0,129.0,97.0
833.0,207.0,126.0,97.0
832.0,206.0,127.0,97.0
832.0,206.0,127.0,97.0
832.0,206.0,127.0,97.0
832.0,206.0,127.0,97.0
833.0,206.0,126.0,97.0
832.0,206.0,127.0,97.0
840.0,206.0,119.0,97.0
840.0,203.0,119.0,100.0
842.0,200.0,117.0,103.0
842.0,195.0,117.0,107.0
834.0,192.0,125.0,110.0
829.0,191.0,130.0,104.0
825.0,190.0,134.0,103.0
827.0,190.0,132.0,103.0
828.0,189.0,131.0,112.0
824.0,189.0,135.0,106.0
823.0,189.0,136.0,110.0
830.0,189.0,129.0,110.0
826.0,188.0,133.0,107.0
823.0,189.0,136.0,109.0
827.0,189.0,132.0,107.0
826.0,189.0,133.0,106.0
828.0,189.0,131.0,102.0
825.0,189.0,134.0,101.0
827.0,189.0,132.0,101.0
825.0,189.0,134.0,112.0
824.0,190.0,135.0,110.0
828.0,196.0,131.0,99.0
835.0,206.0,124.0,92.0
835.0,207.0,124.0,97.0
832.0,209.0,127.0,97.0
828.0,210.0,131.0,96.0
828.0,209.0,131.0,97.0
826.0,209.0,133.0,99.0
828.0,209.0,131.0,99.0
827.0,210.0,132.0,92.0
828.0,210.0,131.0,94.0
828.0,210.0,131.0,94.0
827.0,211.0,132.0,93.0
827.0,211.0,132.0,93.0
827.0,211.0,132.0,92.0
808.0,211.0,151.0,92.0
805.0,212.0,154.0,91.0
798.0,212.0,161.0,95.0
791.0,211.0,168.0,94.0
789.0,211.0,170.0,95.0
789.0,212.0,170.0,110.0
788.0,214.0,171.0,95.0
786.0,215.0,173.0,94.0
788.0,215.0,171.0,95.0
786.0,218.0,173.0,91.0
767.0,219.0,192.0,92.0
758.0,219.0,201.0,92.0
754.0,219.0,205.0,91.0
744.0,219.0,215.0,92.0
743.0,220.0,216.0,93.0
743.0,220.0,216.0,93.0
742.0,220.0,217.0,94.0
744.0,221.0,215.0,94.0
743.0,221.0,216.0,88.0
743.0,221.0,216.0,84.0
743.0,222.0,216.0,82.0
736.0,222.0,223.0,83.0
731.0,222.0,228.0,85.0
731.0,222.0,228.0,87.0
732.0,222.0,227.0,88.0
732.0,222.0,227.0,89.0
732.0,223.0,227.0,88.0
732.0,224.0,227.0,87.0
732.0,223.0,227.0,88.0
732.0,223.0,227.0,89.0
732.0,223.0,227.0,89.0
731.0,223.0,228.0,89.0
730.0,223.0,229.0,89.0
731.0,223.0,228.0,89.0
734.0,223.0,225.0,89.0
735.0,224.0,224.0,88.0
734.0,225.0,225.0,88.0
734.0,227.0,225.0,86.0
735.0,229.0,224.0,84.0
735.0,230.0,224.0,85.0
736.0,234.0,223.0,83.0
738.0,235.0,221.0,84.0
738.0,236.0,221.0,83.0
740.0,237.0,219.0,84.0
738.0,237.0,221.0,84.0
737.0,237.0,222.0,85.0
758.0,237.0,201.0,86.0
735.0,237.0,217.0,81.0
735.0,238.0,214.0,79.0
734.0,238.0,203.0,79.0
731.0,238.0,184.0,78.0
726.0,238.0,187.0,78.0
721.0,238.0,199.0,73.0
722.0,238.0,193.0,69.0
719.0,238.0,192.0,63.0
720.0,239.0,180.0,62.0
718.0,238.0,177.0,64.0
718.0,238.0,170.0,63.0
719.0,238.0,168.0,62.0
714.0,236.0,168.0,69.0
560.0,239.0,310.0,66.0
557.0,239.0,305.0,65.0
558.0,239.0,289.0,66.0
558.0,243.0,283.0,63.0
556.0,250.0,254.0,49.0
519.0,208.0,244.0,117.0
493.0,204.0,117.0,122.0
468.0,205.0,135.0,124.0
448.0,200.0,156.0,127.0
429.0,198.0,169.0,132.0
425.0,199.0,169.0,112.0
421.0,199.0,170.0,108.0
421.0,198.0,167.0,107.0
418.0,198.0,173.0,105.0
418.0,197.0,167.0,107.0
416.0,197.0,169.0,108.0
418.0,196.0,164.0,110.0
418.0,198.0,166.0,103.0
419.0,197.0,165.0,103.0
418.0,197.0,168.0,103.0
420.0,197.0,167.0,103.0
419.0,199.0,169.0,102.0
419.0,198.0,167.0,104.0
418.0,199.0,167.0,102.0
416.0,201.0,170.0,101.0
414.0,205.0,172.0,96.0
406.0,209.0,178.0,91.0
402.0,210.0,181.0,91.0
401.0,210.0,179.0,92.0
403.0,210.0,175.0,93.0
403.0,210.0,169.0,93.0
403.0,204.0,164.0,95.0
403.0,204.0,162.0,93.0
401.0,205.0,163.0,91.0
399.0,205.0,160.0,91.0
395.0,204.0,166.0,92.0
392.0,202.0,167.0,93.0
392.0,202.0,165.0,97.0
393.0,204.0,162.0,93.0
393.0,202.0,161.0,103.0
393.0,202.0,159.0,101.0
395.0,201.0,155.0,107.0
398.0,203.0,153.0,112.0
397.0,203.0,153.0,117.0
397.0,202.0,154.0,128.0
397.0,201.0,153.0,131.0
400.0,201.0,150.0,133.0
402.0,200.0,147.0,135.0
401.0,200.0,145.0,135.0
401.0,200.0,145.0,137.0
402.0,200.0,144.0,139.0
401.0,201.0,141.0,122.0
399.0,208.0,142.0,131.0
398.0,209.0,143.0,132.0
395.0,209.0,142.0,131.0
397.0,210.0,138.0,133.0
394.0,212.0,137.0,132.0
393.0,212.0,134.0,128.0
394.0,215.0,124.0,130.0
392.0,214.0,125.0,129.0
390.0,215.0,124.0,129.0
387.0,213.0,126.0,127.0
385.0,216.0,131.0,119.0
383.0,217.0,136.0,107.0
384.0,221.0,131.0,102.0
384.0,220.0,130.0,105.0
380.0,220.0,133.0,102.0
383.0,221.0,129.0,101.0
382.0,222.0,128.0,100.0
382.0,222.0,128.0,101.0
381.0,222.0,128.0,101.0
380.0,223.0,128.0,92.0
376.0,223.0,131.0,94.0
374.0,224.0,132.0,94.0
379.0,224.0,126.0,95.0
378.0,223.0,126.0,96.0
369.0,220.0,131.0,122.0
370.0,219.0,130.0,120.0
367.0,215.0,134.0,126.0
369.0,218.0,131.0,125.0
373.0,218.0,127.0,126.0
373.0,214.0,127.0,129.0
370.0,215.0,131.0,130.0
373.0,221.0,127.0,123.0
374.0,214.0,118.0,130.0
370.0,213.0,138.0,114.0
354.0,218.0,155.0,104.0
354.0,217.0,159.0,104.0
353.0,218.0,161.0,104.0
354.0,218.0,160.0,103.0
353.0,216.0,162.0,103.0
353.0,220.0,159.0,99.0
352.0,220.0,161.0,99.0
348.0,219.0,164.0,99.0
347.0,218.0,164.0,100.0
351.0,218.0,160.0,99.0
337.0,215.0,170.0,100.0
328.0,218.0,179.0,97.0
324.0,218.0,184.0,97.0
325.0,216.0,185.0,99.0
317.0,218.0,196.0,96.0
309.0,215.0,202.0,99.0
301.0,217.0,210.0,95.0
302.0,214.0,203.0,97.0
304.0,214.0,199.0,98.0
303.0,213.0,201.0,98.0
301.0,213.0,208.0,97.0
301.0,213.0,215.0,96.0
300.0,217.0,205.0,93.0
301.0,215.0,202.0,95.0
301.0,215.0,204.0,96.0
299.0,214.0,201.0,94.0
298.0,214.0,201.0,95.0
306.0,213.0,194.0,95.0
314.0,213.0,186.0,96.0
324.0,212.0,174.0,94.0
326.0,211.0,181.0,95.0
323.0,210.0,186.0,97.0
321.0,210.0,170.0,97.0
321.0,210.0,173.0,97.0
319.0,212.0,174.0,93.0
320.0,211.0,185.0,95.0
317.0,214.0,187.0,93.0
318.0,216.0,185.0,91.0
315.0,217.0,186.0,91.0
230.0,219.0,280.0,89.0
219.0,219.0,281.0,91.0
218.0,222.0,280.0,89.0
217.0,222.0,271.0,90.0
219.0,224.0,264.0,90.0
217.0,224.0,255.0,91.0
222.0,223.0,240.0,93.0
209.0,223.0,248.0,93.0
195.0,222.0,269.0,95.0
185.0,223.0,268.0,90.0
168.0,219.0,279.0,95.0
159.0,222.0,300.0,93.0
159.0,222.0,281.0,93.0
156.0,221.0,281.0,92.0
159.0,221.0,286.0,93.0
159.0,222.0,272.0,86.0
159.0,221.0,281.0,87.0
160.0,220.0,265.0,88.0
160.0,220.0,269.0,89.0
162.0,220.0,265.0,90.0
162.0,220.0,266.0,91.0
160.0,221.0,264.0,87.0
158.0,222.0,272.0,86.0
160.0,222.0,261.0,86.0
158.0,222.0,262.0,87.0
156.0,222.0,259.0,88.0
157.0,226.0,255.0,86.0
155.0,227.0,238.0,92.0
150.0,228.0,259.0,92.0
143.0,229.0,255.0,93.0
144.0,229.0,260.0,92.0
146.0,230.0,232.0,92.0
144.0,230.0,240.0,93.0
143.0,230.0,244.0,94.0
144.0,229.0,236.0,96.0
143.0,232.0,226.0,94.0
126.0,232.0,246.0,92.0
116.0,232.0,256.0,91.0
106.0,232.0,266.0,94.0
98.0,232.0,256.0,93.0
104.0,232.0,249.0,90.0
98.0,232.0,260.0,91.0
95.0,231.0,268.0,92.0
100.0,231.0,262.0,91.0
99.0,231.0,264.0,92.0
96.0,232.0,259.0,91.0
95.0,231.0,255.0,90.0
91.0,230.0,260.0,91.0
84.0,230.0,271.0,92.0
74.0,231.0,277.0,92.0
64.0,230.0,280.0,94.0
58.0,230.0,282.0,90.0
61.0,229.0,280.0,91.0
61.0,226.0,279.0,95.0
60.0,227.0,282.0,95.0
59.0,228.0,286.0,95.0
61.0,228.0,283.0,91.0
66.0,227.0,273.0,92.0
63.0,226.0,279.0,92.0
59.0,226.0,283.0,92.0
60.0,225.0,282.0,92.0
55.0,225.0,289.0,91.0
56.0,224.0,286.0,91.0
52.0,223.0,294.0,95.0
54.0,223.0,289.0,92.0
53.0,223.0,292.0,95.0
56.0,223.0,291.0,95.0
54.0,223.0,296.0,97.0
54.0,223.0,295.0,96.0
55.0,223.0,293.0,92.0
56.0,224.0,284.0,90.0
55.0,226.0,284.0,90.0
53.0,226.0,293.0,90.0
48.0,226.0,295.0,90.0
40.0,228.0,301.0,89.0
34.0,228.0,305.0,89.0
28.0,228.0,311.0,90.0
29.0,230.0,302.0,90.0
28.0,231.0,299.0,91.0
27.0,231.0,300.0,90.0
28.0,231.0,291.0,90.0
28.0,232.0,241.0,90.0
32.0,232.0,237.0,90.0
38.0,234.0,230.0,88.0
48.0,233.0,223.0,89.0
59.0,234.0,210.0,89.0
63.0,234.0,214.0,91.0
72.0,234.0,204.0,106.0
74.0,234.0,204.0,109.0
76.0,234.0,199.0,107.0
76.0,233.0,213.0,109.0
78.0,231.0,210.0,112.0
84.0,229.0,184.0,113.0
85.0,228.0,181.0,102.0
87.0,229.0,177.0,108.0
88.0,227.0,165.0,112.0
80.0,227.0,167.0,110.0
75.0,230.0,185.0,105.0
76.0,231.0,185.0,107.0
76.0,231.0,183.0,106.0
74.0,231.0,184.0,104.0
72.0,231.0,185.0,104.0
74.0,231.0,181.0,103.0
72.0,231.0,182.0,104.0
72.0,232.0,182.0,108.0
72.0,232.0,178.0,98.0
50.0,232.0,199.0,100.0
19.0,231.0,228.0,94.0
18.0,232.0,228.0,93.0
10.0,232.0,239.0,93.0
9.0,233.0,242.0,92.0
11.0,232.0,239.0,95.0
9.0,230.0,240.0,93.0
11.0,231.0,236.0,92.0
10.0,231.0,237.0,89.0
8.0,230.0,238.0,91.0
9.0,230.0,235.0,90.0
10.0,229.0,232.0,90.0
9.0,226.0,231.0,93.0
9.0,228.0,229.0,91.0
15.0,227.0,213.0,93.0
6.0,228.0,222.0,92.0
6.0,227.0,232.0,93.0
5.0,221.0,237.0,99.0
3.0,215.0,238.0,106.0
3.0,216.0,235.0,106.0
4.0,215.0,228.0,105.0
4.0,216.0,234.0,106.0
4.0,216.0,230.0,109.0
2.0,216.0,230.0,108.0
3.0,212.0,231.0,115.0
4.0,214.0,229.0,109.0
3.0,216.0,230.0,108.0
3.0,216.0,230.0,108.0
3.0,215.0,227.0,109.0
4.0,212.0,226.0,112.0
0.0,208.0,231.0,116.0
0.0,204.0,235.0,120.0
0.0,205.0,236.0,120.0
0.0,208.0,238.0,117.0
0.0,211.0,237.0,114.0
0.0,212.0,238.0,113.0
0.0,213.0,238.0,112.0
0.0,212.0,239.0,113.0
0.0,213.0,239.0,112.0
0.0,212.0,239.0,113.0
0.0,213.0,238.0,112.0
0.0,210.0,237.0,113.0
0.0,206.0,236.0,119.0
0.0,200.0,236.0,123.0
0.0,194.0,235.0,130.0
0.0,190.0,235.0,135.0
0.0,190.0,234.0,135.0
0.0,189.0,236.0,137.0
0.0,189.0,234.0,137.0
0.0,189.0,234.0,138.0
0.0,188.0,235.0,139.0
0.0,188.0,234.0,139.0
0.0,188.0,235.0,139.0
0.0,188.0,235.0,137.0
0.0,188.0,234.0,137.0
0.0,188.0,234.0,137.0
0.0,189.0,234.0,136.0
0.0,189.0,234.0,138.0
0.0,189.0,233.0,131.0
0.0,189.0,233.0,132.0
0.0,189.0,233.0,132.0
0.0,189.0,232.0,134.0
0.0,189.0,233.0,132.0
0.0,188.0,232.0,134.0
0.0,188.0,232.0,135.0
0.0,188.0,232.0,135.0
5.0,184.0,228.0,138.0
5.0,185.0,231.0,138.0
5.0,184.0,226.0,139.0
4.0,186.0,225.0,134.0
4.0,186.0,225.0,134.0
4.0,186.0,223.0,134.0
4.0,184.0,223.0,137.0
5.0,184.0,222.0,140.0
4.0,184.0,223.0,136.0
4.0,184.0,223.0,143.0
4.0,182.0,222.0,139.0
4.0,180.0,222.0,140.0
4.0,180.0,221.0,141.0
4.0,183.0,222.0,143.0
5.0,182.0,220.0,142.0
5.0,181.0,219.0,141.0
4.0,181.0,221.0,141.0
4.0,180.0,219.0,143.0
6.0,181.0,217.0,141.0
14.0,185.0,207.0,143.0
39.0,200.0,185.0,126.0
47.0,215.0,176.0,111.0
52.0,225.0,173.0,99.0
56.0,224.0,160.0,100.0
61.0,224.0,152.0,98.0
63.0,226.0,145.0,97.0
63.0,226.0,145.0,98.0
63.0,226.0,144.0,98.0
63.0,225.0,144.0,101.0
69.0,226.0,137.0,99.0
64.0,226.0,144.0,96.0
64.0,227.0,141.0,98.0
64.0,227.0,141.0,100.0
67.0,227.0,132.0,97.0
68.0,227.0,127.0,97.0
70.0,227.0,116.0,99.0
71.0,227.0,115.0,100.0
74.0,227.0,112.0,100.0
74.0,226.0,112.0,100.0
69.0,226.0,118.0,101.0
71.0,225.0,109.0,99.0
71.0,225.0,109.0,101.0
71.0,224.0,109.0,100.0
72.0,224.0,111.0,102.0
71.0,223.0,126.0,102.0
72.0,223.0,139.0,102.0
71.0,223.0,147.0,104.0
72.0,223.0,145.0,104.0
71.0,223.0,146.0,104.0
68.0,221.0,148.0,104.0
70.0,222.0,148.0,103.0
69.0,223.0,148.0,94.0
65.0,222.0,152.0,99.0
64.0,221.0,153.0,102.0
62.0,223.0,155.0,100.0
61.0,224.0,156.0,98.0
55.0,226.0,160.0,104.0
60.0,226.0,156.0,101.0
64.0,226.0,153.0,94.0
57.0,226.0,161.0,95.0
58.0,226.0,166.0,99.0
61.0,226.0,175.0,99.0
62.0,230.0,180.0,93.0
64.0,230.0,180.0,92.0
64.0,230.0,182.0,92.0
49.0,231.0,196.0,91.0
58.0,231.0,188.0,91.0
64.0,231.0,184.0,91.0
64.0,230.0,182.0,93.0
66.0,230.0,182.0,93.0
65.0,230.0,181.0,92.0
64.0,231.0,181.0,92.0
67.0,231.0,179.0,91.0
68.0,231.0,179.0,91.0
69.0,231.0,178.0,91.0
68.0,231.0,179.0,91.0
68.0,231.0,178.0,91.0
72.0,231.0,175.0,91.0
62.0,231.0,181.0,93.0
64.0,231.0,183.0,91.0
63.0,231.0,184.0,93.0
65.0,231.0,182.0,95.0
62.0,231.0,185.0,94.0
63.0,231.0,184.0,94.0
61.0,231.0,184.0,94.0
61.0,231.0,180.0,92.0
65.0,231.0,180.0,96.0
65.0,231.0,179.0,108.0
65.0,231.0,180.0,110.0
62.0,231.0,182.0,109.0
65.0,231.0,179.0,108.0
63.0,232.0,181.0,108.0
64.0,232.0,181.0,107.0
67.0,232.0,185.0,104.0
62.0,232.0,197.0,103.0
59.0,227.0,205.0,104.0
64.0,233.0,200.0,98.0
58.0,232.0,207.0,98.0
60.0,230.0,206.0,99.0
58.0,229.0,204.0,100.0
59.0,229.0,204.0,100.0
47.0,229.0,216.0,99.0
57.0,229.0,207.0,101.0
43.0,228.0,221.0,102.0
42.0,228.0,223.0,104.0
42.0,228.0,223.0,107.0
39.0,228.0,226.0,108.0
44.0,229.0,222.0,109.0
40.0,230.0,226.0,105.0
37.0,232.0,230.0,100.0
32.0,234.0,235.0,97.0
34.0,238.0,232.0,92.0
27.0,239.0,240.0,89.0
33.0,239.0,235.0,90.0
46.0,240.0,225.0,89.0
43.0,238.0,229.0,92.0
35.0,238.0,238.0,93.0
38.0,238.0,235.0,98.0
42.0,238.0,231.0,99.0
39.0,242.0,234.0,95.0
33.0,242.0,239.0,96.0
36.0,243.0,235.0,93.0
36.0,244.0,235.0,92.0
36.0,243.0,237.0,93.0
31.0,243.0,240.0,93.0
37.0,243.0,233.0,92.0
41.0,241.0,227.0,90.0
42.0,240.0,227.0,87.0
47.0,239.0,222.0,86.0
43.0,238.0,227.0,89.0
46.0,237.0,225.0,87.0
47.0,236.0,229.0,88.0
51.0,235.0,267.0,88.0
54.0,234.0,275.0,87.0
51.0,232.0,284.0,88.0
62.0,232.0,273.0,88.0
50.0,230.0,285.0,91.0
54.0,229.0,281.0,92.0
60.0,228.0,275.0,92.0
51.0,227.0,284.0,93.0
61.0,227.0,272.0,90.0
48.0,225.0,288.0,90.0
52.0,225.0,284.0,91.0
52.0,224.0,283.0,93.0
60.0,224.0,276.0,89.0
51.0,223.0,288.0,93.0
60.0,222.0,284.0,96.0
63.0,222.0,290.0,96.0
60.0,222.0,298.0,95.0
71.0,223.0,290.0,97.0
72.0,223.0,291.0,97.0
79.0,226.0,282.0,98.0
94.0,226.0,268.0,98.0
99.0,227.0,268.0,98.0
113.0,226.0,262.0,98.0
106.0,227.0,277.0,98.0
116.0,226.0,281.0,115.0
123.0,225.0,279.0,112.0
120.0,224.0,282.0,115.0
129.0,225.0,273.0,113.0
130.0,225.0,273.0,113.0
131.0,225.0,273.0,114.0
130.0,225.0,272.0,108.0
131.0,225.0,271.0,107.0
131.0,225.0,280.0,108.0
135.0,224.0,280.0,94.0
134.0,220.0,296.0,96.0
139.0,220.0,295.0,94.0
134.0,219.0,309.0,93.0
138.0,219.0,305.0,92.0
140.0,219.0,299.0,93.0
147.0,217.0,287.0,95.0
148.0,217.0,286.0,95.0
151.0,217.0,283.0,97.0
152.0,216.0,281.0,98.0
151.0,216.0,282.0,98.0
168.0,216.0,265.0,98.0
168.0,216.0,264.0,99.0
156.0,216.0,277.0,95.0
164.0,216.0,269.0,92.0
169.0,216.0,262.0,90.0
173.0,217.0,262.0,89.0
182.0,217.0,256.0,87.0
195.0,216.0,250.0,89.0
185.0,212.0,253.0,93.0
192.0,212.0,265.0,94.0
193.0,210.0,264.0,95.0
202.0,211.0,255.0,95.0
195.0,211.0,254.0,94.0
196.0,211.0,259.0,94.0
197.0,211.0,259.0,94.0
202.0,211.0,248.0,94.0
196.0,211.0,254.0,94.0
200.0,211.0,250.0,94.0
208.0,210.0,248.0,95.0
213.0,209.0,240.0,97.0
206.0,207.0,266.0,98.0
201.0,208.0,272.0,97.0
208.0,208.0,266.0,97.0
208.0,208.0,267.0,99.0
210.0,208.0,261.0,98.0
214.0,207.0,258.0,100.0
223.0,208.0,250.0,99.0
213.0,208.0,260.0,99.0
214.0,208.0,258.0,99.0
211.0,208.0,262.0,99.0
211.0,208.0,264.0,99.0
216.0,208.0,259.0,100.0
215.0,209.0,260.0,99.0
224.0,208.0,251.0,100.0
226.0,208.0,249.0,100.0
226.0,208.0,249.0,101.0
226.0,208.0,249.0,102.0
219.0,208.0,256.0,101.0
224.0,208.0,251.0,102.0
226.0,208.0,249.0,103.0
229.0,208.0,246.0,104.0
228.0,207.0,247.0,106.0
220.0,206.0,255.0,106.0
226.0,205.0,250.0,108.0
225.0,204.0,253.0,109.0
226.0,202.0,254.0,110.0
226.0,202.0,254.0,111.0
226.0,201.0,245.0,113.0
225.0,202.0,245.0,112.0
226.0,202.0,242.0,111.0
226.0,202.0,242.0,110.0
229.0,202.0,240.0,111.0
228.0,202.0,241.0,112.0
230.0,202.0,239.0,112.0
230.0,202.0,238.0,113.0
230.0,202.0,238.0,113.0
227.0,202.0,240.0,113.0
229.0,202.0,238.0,114.0
229.0,202.0,239.0,115.0
229.0,202.0,238.0,116.0
230.0,202.0,238.0,116.0
229.0,199.0,236.0,120.0
225.0,198.0,245.0,122.0
225.0,196.0,246.0,121.0
224.0,196.0,247.0,122.0
226.0,196.0,247.0,122.0
225.0,196.0,246.0,121.0
225.0,198.0,248.0,119.0
226.0,198.0,247.0,118.0
225.0,198.0,248.0,119.0
226.0,198.0,243.0,118.0
225.0,198.0,248.0,119.0
224.0,196.0,247.0,121.0
223.0,196.0,248.0,122.0
224.0,196.0,247.0,121.0
225.0,197.0,246.0,121.0
225.0,196.0,247.0,123.0
228.0,195.0,247.0,125.0
231.0,196.0,244.0,124.0
231.0,197.0,245.0,121.0
230.0,197.0,247.0,122.0
212.0,197.0,265.0,123.0
213.0,197.0,264.0,123.0
225.0,197.0,256.0,122.0
225.0,193.0,257.0,126.0
215.0,194.0,270.0,126.0
223.0,196.0,261.0,124.0
226.0,196.0,258.0,123.0
229.0,196.0,255.0,121.0
217.0,196.0,267.0,118.0
222.0,196.0,262.0,119.0
213.0,193.0,286.0,122.0
222.0,191.0,273.0,122.0
203.0,189.0,300.0,122.0
209.0,190.0,291.0,122.0
220.0,187.0,273.0,125.0
219.0,176.0,268.0,135.0
219.0,173.0,260.0,138.0
226.0,171.0,260.0,140.0
218.0,170.0,267.0,141.0
229.0,170.0,251.0,142.0
232.0,170.0,251.0,142.0
231.0,171.0,251.0,140.0
232.0,171.0,248.0,140.0
232.0,170.0,248.0,142.0
225.0,170.0,256.0,142.0
234.0,171.0,233.0,141.0
234.0,169.0,232.0,143.0
234.0,169.0,231.0,144.0
234.0,168.0,230.0,145.0
234.0,167.0,229.0,147.0
233.0,167.0,231.0,147.0
233.0,167.0,234.0,147.0
233.0,167.0,234.0,147.0
233.0,167.0,233.0,147.0
233.0,167.0,233.0,147.0
232.0,167.0,237.0,146.0
232.0,166.0,237.0,148.0
231.0,166.0,234.0,148.0
233.0,166.0,232.0,149.0
237.0,166.0,233.0,149.0
232.0,167.0,238.0,148.0
232.0,167.0,238.0,149.0
232.0,167.0,238.0,145.0
232.0,167.0,238.0,145.0
232.0,166.0,237.0,146.0
228.0,166.0,242.0,145.0
232.0,166.0,238.0,145.0
232.0,167.0,238.0,145.0
232.0,167.0,238.0,144.0
232.0,167.0,238.0,145.0
232.0,167.0,238.0,145.0
232.0,167.0,237.0,146.0
232.0,167.0,235.0,147.0
232.0,167.0,235.0,147.0
232.0,166.0,235.0,148.0
232.0,165.0,236.0,149.0
232.0,165.0,236.0,149.0
232.0,165.0,237.0,149.0
232.0,165.0,237.0,149.0
232.0,166.0,237.0,148.0
232.0,166.0,237.0,148.0
233.0,165.0,236.0,148.0
234.0,165.0,235.0,148.0
234.0,165.0,235.0,148.0
234.0,165.0,235.0,149.0
234.0,165.0,235.0,149.0
234.0,165.0,235.0,149.0
234.0,165.0,228.0,149.0
234.0,166.0,235.0,148.0
234.0,164.0,237.0,150.0
234.0,166.0,237.0,148.0
234.0,166.0,237.0,146.0
234.0,165.0,238.0,146.0
234.0,165.0,238.0,148.0
238.0,165.0,234.0,149.0
238.0,165.0,234.0,145.0
239.0,165.0,226.0,145.0
238.0,165.0,226.0,147.0
239.0,165.0,232.0,148.0
239.0,166.0,234.0,148.0
239.0,165.0,235.0,147.0
239.0,165.0,232.0,146.0
238.0,165.0,234.0,146.0
238.0,165.0,228.0,147.0
239.0,165.0,227.0,149.0
239.0,165.0,231.0,147.0
239.0,166.0,231.0,147.0
233.0,165.0,234.0,149.0
240.0,164.0,230.0,151.0
240.0,164.0,230.0,148.0
240.0,166.0,230.0,147.0
240.0,165.0,230.0,150.0
237.0,164.0,231.0,148.0
236.0,166.0,243.0,145.0
239.0,166.0,239.0,148.0
237.0,179.0,237.0,136.0
238.0,185.0,237.0,130.0
236.0,185.0,243.0,129.0
239.0,187.0,240.0,125.0
239.0,188.0,247.0,125.0
242.0,189.0,237.0,123.0
244.0,188.0,235.0,124.0
245.0,189.0,234.0,123.0
246.0,189.0,241.0,123.0
247.0,189.0,239.0,120.0
251.0,189.0,231.0,122.0
253.0,190.0,231.0,121.0
255.0,191.0,230.0,121.0
257.0,194.0,229.0,121.0
248.0,199.0,244.0,111.0
243.0,206.0,258.0,102.0
248.0,205.0,266.0,103.0
249.0,205.0,268.0,99.0
251.0,206.0,268.0,98.0
245.0,205.0,278.0,99.0
250.0,204.0,271.0,99.0
252.0,204.0,269.0,99.0
246.0,204.0,275.0,99.0
259.0,204.0,262.0,97.0
262.0,204.0,260.0,97.0
248.0,185.0,278.0,117.0
264.0,197.0,262.0,106.0
268.0,207.0,259.0,97.0
281.0,208.0,241.0,97.0
286.0,208.0,236.0,98.0
291.0,208.0,231.0,99.0
299.0,210.0,226.0,99.0
304.0,210.0,222.0,100.0
309.0,211.0,234.0,101.0
314.0,211.0,245.0,97.0
320.0,205.0,238.0,99.0
320.0,205.0,242.0,99.0
323.0,205.0,240.0,98.0
318.0,205.0,246.0,98.0
325.0,206.0,239.0,94.0
330.0,206.0,234.0,98.0
335.0,202.0,230.0,97.0
335.0,202.0,229.0,98.0
337.0,205.0,226.0,95.0
341.0,203.0,223.0,97.0
343.0,203.0,222.0,96.0
346.0,203.0,218.0,98.0
345.0,203.0,222.0,97.0
347.0,204.0,223.0,96.0
353.0,206.0,217.0,95.0
360.0,207.0,210.0,94.0
367.0,213.0,204.0,95.0
376.0,214.0,195.0,95.0
391.0,215.0,181.0,99.0
397.0,217.0,177.0,103.0
402.0,220.0,173.0,102.0
416.0,229.0,168.0,104.0
436.0,235.0,153.0,100.0
447.0,238.0,150.0,98.0
458.0,240.0,145.0,89.0
472.0,240.0,136.0,89.0
479.0,242.0,129.0,85.0
480.0,242.0,125.0,83.0
493.0,242.0,112.0,84.0
504.0,243.0,102.0,83.0
495.0,247.0,110.0,83.0
510.0,242.0,248.0,91.0
521.0,235.0,254.0,101.0
518.0,232.0,268.0,104.0
523.0,229.0,276.0,109.0
523.0,228.0,276.0,107.0
552.0,230.0,249.0,74.0
570.0,229.0,247.0,69.0
715.0,230.0,122.0,68.0
716.0,234.0,140.0,64.0
713.0,234.0,154.0,67.0
711.0,230.0,167.0,75.0
714.0,229.0,162.0,77.0
711.0,229.0,165.0,77.0
710.0,228.0,163.0,78.0
708.0,227.0,169.0,80.0
709.0,223.0,169.0,86.0
708.0,223.0,176.0,91.0
709.0,223.0,176.0,92.0
709.0,223.0,176.0,93.0
709.0,224.0,178.0,101.0
709.0,225.0,188.0,110.0
708.0,226.0,190.0,98.0
710.0,223.0,198.0,92.0
715.0,225.0,200.0,88.0
720.0,226.0,196.0,85.0
717.0,224.0,199.0,88.0
721.0,224.0,196.0,89.0
720.0,223.0,196.0,91.0
718.0,223.0,198.0,91.0
722.0,223.0,196.0,92.0
722.0,222.0,198.0,93.0
722.0,222.0,204.0,95.0
719.0,220.0,218.0,103.0
725.0,220.0,218.0,105.0
726.0,219.0,221.0,105.0
730.0,219.0,217.0,116.0
732.0,218.0,215.0,118.0
732.0,218.0,215.0,118.0
733.0,218.0,226.0,110.0
740.0,218.0,219.0,111.0
744.0,216.0,211.0,133.0
740.0,215.0,219.0,137.0
