292.0,135.0,48.0,168.0
291.0,135.0,50.0,169.0
292.0,135.0,50.0,168.0
294.0,136.0,49.0,167.0
297.0,131.0,48.0,171.0
297.0,138.0,49.0,165.0
298.0,136.0,50.0,167.0
298.0,135.0,50.0,169.0
298.0,136.0,49.0,168.0
298.0,137.0,49.0,163.0
299.0,136.0,47.0,161.0
296.0,136.0,48.0,161.0
295.0,136.0,46.0,160.0
293.0,136.0,46.0,158.0
291.0,137.0,45.0,156.0
289.0,136.0,44.0,159.0
288.0,135.0,43.0,160.0
286.0,135.0,43.0,158.0
283.0,140.0,44.0,154.0
282.0,135.0,44.0,163.0
278.0,137.0,44.0,158.0
276.0,138.0,42.0,160.0
275.0,139.0,43.0,159.0
276.0,141.0,43.0,155.0
276.0,142.0,41.0,156.0
275.0,147.0,44.0,151.0
275.0,145.0,41.0,154.0
274.0,144.0,41.0,154.0
274.0,144.0,39.0,156.0
274.0,145.0,38.0,157.0
272.0,146.0,38.0,158.0
270.0,151.0,39.0,155.0
270.0,151.0,38.0,156.0
269.0,151.0,38.0,156.0
265.0,147.0,41.0,160.0
262.0,148.0,44.0,160.0
263.0,152.0,40.0,157.0
258.0,150.0,44.0,161.0
260.0,150.0,41.0,157.0
258.0,153.0,40.0,155.0
259.0,152.0,36.0,152.0
258.0,151.0,37.0,155.0
261.0,152.0,33.0,155.0
255.0,152.0,39.0,157.0
252.0,151.0,43.0,158.0
252.0,153.0,43.0,156.0
252.0,154.0,45.0,155.0
252.0,153.0,45.0,153.0
256.0,153.0,42.0,151.0
260.0,152.0,40.0,153.0
264.0,152.0,36.0,151.0
263.0,150.0,36.0,153.0
259.0,152.0,40.0,150.0
258.0,147.0,37.0,154.0
260.0,144.0,34.0,155.0
258.0,147.0,35.0,152.0
257.0,146.0,36.0,153.0
257.0,145.0,35.0,153.0
255.0,144.0,39.0,153.0
254.0,143.0,36.0,154.0
260.0,143.0,32.0,152.0
253.0,140.0,37.0,155.0
254.0,141.0,36.0,154.0
251.0,140.0,39.0,151.0
251.0,137.0,39.0,154.0
249.0,137.0,41.0,152.0
249.0,137.0,42.0,155.0
249.0,138.0,41.0,153.0
254.0,138.0,39.0,151.0
253.0,139.0,38.0,150.0
253.0,138.0,41.0,149.0
253.0,134.0,38.0,154.0
254.0,134.0,43.0,152.0
254.0,136.0,41.0,150.0
250.0,138.0,45.0,148.0
251.0,138.0,44.0,150.0
251.0,136.0,43.0,150.0
248.0,136.0,47.0,148.0
248.0,138.0,45.0,146.0
251.0,138.0,42.0,145.0
244.0,138.0,48.0,146.0
246.0,139.0,47.0,145.0
246.0,136.0,47.0,150.0
243.0,135.0,53.0,149.0
241.0,135.0,57.0,156.0
241.0,138.0,55.0,154.0
234.0,138.0,64.0,150.0
233.0,138.0,66.0,150.0
236.0,138.0,62.0,149.0
235.0,134.0,64.0,154.0
230.0,133.0,70.0,153.0
231.0,132.0,72.0,151.0
228.0,132.0,74.0,150.0
233.0,135.0,71.0,150.0
234.0,135.0,70.0,151.0
235.0,133.0,69.0,152.0
237.0,135.0,72.0,153.0
239.0,130.0,71.0,158.0
243.0,130.0,68.0,160.0
244.0,132.0,69.0,159.0
246.0,133.0,67.0,158.0
258.0,131.0,56.0,160.0
266.0,132.0,49.0,161.0
268.0,133.0,48.0,158.0
274.0,132.0,43.0,159.0
279.0,137.0,39.0,154.0
283.0,135.0,37.0,152.0
294.0,137.0,29.0,148.0
301.0,138.0,18.0,146.0
0.0,0.0,0.0,0.0
0.0,0.0,0.0,0.0
0.0,0.0,0.0,0.0
265.0,181.0,9.0,18.0
261.0,179.0,14.0,25.0
265.0,174.0,19.0,83.0
263.0,151.0,26.0,107.0
265.0,149.0,30.0,107.0
270.0,146.0,33.0,113.0
274.0,144.0,37.0,113.0
275.0,146.0,45.0,113.0
273.0,145.0,51.0,114.0
272.0,144.0,58.0,110.0
273.0,142.0,52.0,116.0
274.0,144.0,52.0,115.0
272.0,143.0,54.0,117.0
274.0,142.0,55.0,112.0
273.0,143.0,53.0,107.0
273.0,142.0,51.0,109.0
273.0,144.0,51.0,155.0
273.0,144.0,51.0,163.0
271.0,143.0,55.0,157.0
273.0,144.0,51.0,152.0
271.0,143.0,54.0,157.0
270.0,141.0,55.0,160.0
268.0,142.0,56.0,164.0
268.0,142.0,51.0,167.0
267.0,141.0,53.0,169.0
267.0,140.0,52.0,171.0
267.0,141.0,52.0,167.0
269.0,142.0,51.0,166.0
269.0,143.0,51.0,163.0
268.0,143.0,49.0,163.0
269.0,141.0,49.0,161.0
271.0,141.0,47.0,155.0
271.0,141.0,46.0,165.0
272.0,140.0,46.0,161.0
272.0,138.0,46.0,164.0
272.0,136.0,47.0,171.0
273.0,138.0,47.0,169.0
275.0,137.0,47.0,171.0
277.0,137.0,47.0,169.0
278.0,140.0,48.0,168.0
279.0,142.0,45.0,167.0
279.0,138.0,49.0,171.0
279.0,138.0,48.0,171.0
281.0,139.0,52.0,171.0
278.0,142.0,51.0,168.0
277.0,142.0,48.0,168.0
276.0,144.0,51.0,169.0
278.0,143.0,52.0,170.0
277.0,143.0,52.0,170.0
273.0,144.0,50.0,166.0
275.0,144.0,53.0,165.0
271.0,144.0,53.0,165.0
271.0,146.0,58.0,164.0
271.0,146.0,56.0,164.0
272.0,150.0,53.0,163.0
274.0,150.0,53.0,161.0
265.0,153.0,67.0,164.0
267.0,151.0,66.0,166.0
263.0,154.0,73.0,163.0
265.0,151.0,74.0,164.0
264.0,150.0,80.0,162.0
267.0,150.0,68.0,163.0
272.0,149.0,69.0,164.0
267.0,151.0,72.0,163.0
270.0,150.0,68.0,163.0
275.0,147.0,61.0,167.0
279.0,147.0,56.0,167.0
283.0,148.0,55.0,170.0
287.0,149.0,50.0,166.0
287.0,151.0,51.0,164.0
287.0,145.0,51.0,173.0
294.0,147.0,44.0,169.0
297.0,147.0,41.0,171.0
295.0,147.0,44.0,170.0
297.0,147.0,40.0,172.0
295.0,146.0,37.0,173.0
297.0,148.0,37.0,172.0
298.0,148.0,38.0,174.0
297.0,149.0,38.0,174.0
298.0,151.0,39.0,173.0
296.0,154.0,41.0,170.0
298.0,154.0,43.0,170.0
295.0,152.0,48.0,174.0
289.0,155.0,55.0,169.0
288.0,155.0,51.0,163.0
286.0,157.0,54.0,163.0
282.0,157.0,65.0,159.0
278.0,157.0,70.0,156.0
277.0,156.0,72.0,159.0
276.0,153.0,73.0,162.0
277.0,152.0,64.0,161.0
278.0,150.0,65.0,162.0
279.0,151.0,64.0,161.0
284.0,148.0,72.0,166.0
290.0,149.0,66.0,164.0
296.0,146.0,59.0,168.0
302.0,145.0,57.0,173.0
305.0,145.0,52.0,172.0
316.0,145.0,42.0,171.0
314.0,147.0,48.0,170.0
317.0,147.0,48.0,172.0
315.0,146.0,42.0,171.0
317.0,148.0,47.0,170.0
315.0,147.0,55.0,171.0
314.0,145.0,54.0,173.0
314.0,147.0,84.0,172.0
312.0,148.0,85.0,171.0
313.0,148.0,84.0,172.0
308.0,148.0,88.0,172.0
307.0,150.0,89.0,169.0
308.0,148.0,89.0,172.0
308.0,147.0,88.0,173.0
299.0,147.0,95.0,173.0
306.0,147.0,81.0,173.0
304.0,147.0,79.0,171.0
305.0,150.0,61.0,171.0
306.0,148.0,56.0,172.0
308.0,150.0,57.0,168.0
307.0,150.0,57.0,170.0
307.0,151.0,59.0,171.0
315.0,150.0,51.0,172.0
312.0,150.0,58.0,173.0
314.0,150.0,56.0,172.0
321.0,150.0,54.0,172.0
322.0,151.0,57.0,174.0
322.0,150.0,57.0,177.0
325.0,150.0,56.0,178.0
326.0,151.0,57.0,175.0
327.0,152.0,59.0,177.0
328.0,152.0,62.0,176.0
332.0,153.0,60.0,175.0
333.0,155.0,63.0,175.0
332.0,156.0,64.0,175.0
336.0,156.0,61.0,174.0
337.0,156.0,60.0,175.0
340.0,156.0,66.0,173.0
337.0,156.0,65.0,173.0
342.0,156.0,61.0,173.0
343.0,157.0,65.0,172.0
341.0,154.0,68.0,174.0
346.0,157.0,65.0,172.0
350.0,154.0,65.0,175.0
354.0,155.0,59.0,175.0
354.0,153.0,65.0,176.0
357.0,155.0,66.0,171.0
363.0,158.0,61.0,173.0
363.0,160.0,67.0,170.0
370.0,159.0,61.0,171.0
374.0,156.0,61.0,174.0
376.0,159.0,57.0,173.0
382.0,159.0,53.0,171.0
384.0,155.0,54.0,177.0
387.0,156.0,53.0,176.0
386.0,159.0,55.0,174.0
388.0,157.0,56.0,175.0
388.0,157.0,51.0,176.0
393.0,157.0,45.0,175.0
391.0,157.0,52.0,175.0
394.0,158.0,52.0,174.0
390.0,158.0,58.0,173.0
393.0,159.0,59.0,172.0
392.0,167.0,63.0,164.0
392.0,171.0,72.0,160.0
387.0,171.0,81.0,158.0
383.0,173.0,88.0,157.0
383.0,171.0,92.0,159.0
385.0,167.0,103.0,166.0
389.0,167.0,90.0,164.0
390.0,166.0,87.0,165.0
393.0,164.0,87.0,167.0
404.0,162.0,78.0,170.0
412.0,162.0,79.0,170.0
419.0,160.0,72.0,173.0
421.0,161.0,72.0,169.0
431.0,153.0,55.0,178.0
431.0,156.0,55.0,177.0
433.0,154.0,55.0,181.0
429.0,154.0,66.0,181.0
428.0,155.0,69.0,187.0
430.0,154.0,68.0,189.0
427.0,156.0,69.0,180.0
427.0,155.0,67.0,180.0
424.0,157.0,68.0,179.0
421.0,157.0,68.0,179.0
419.0,158.0,66.0,178.0
415.0,157.0,69.0,178.0
413.0,158.0,67.0,173.0
412.0,159.0,67.0,179.0
407.0,155.0,69.0,181.0
405.0,152.0,69.0,187.0
403.0,153.0,67.0,184.0
400.0,154.0,67.0,180.0
396.0,154.0,69.0,182.0
394.0,152.0,69.0,183.0
391.0,154.0,69.0,180.0
391.0,154.0,70.0,180.0
390.0,152.0,71.0,181.0
390.0,152.0,72.0,183.0
389.0,152.0,73.0,181.0
390.0,152.0,71.0,181.0
391.0,150.0,70.0,182.0
393.0,151.0,67.0,182.0
393.0,152.0,67.0,176.0
393.0,146.0,66.0,183.0
393.0,143.0,67.0,188.0
393.0,147.0,68.0,186.0
395.0,147.0,68.0,185.0
395.0,148.0,68.0,182.0
395.0,145.0,68.0,186.0
396.0,145.0,66.0,188.0
395.0,147.0,66.0,183.0
396.0,144.0,65.0,189.0
396.0,146.0,63.0,183.0
397.0,143.0,62.0,187.0
397.0,142.0,62.0,188.0
398.0,143.0,51.0,190.0
399.0,141.0,48.0,192.0
399.0,138.0,56.0,197.0
400.0,139.0,48.0,192.0
397.0,137.0,54.0,194.0
403.0,136.0,61.0,193.0
404.0,135.0,54.0,194.0
403.0,132.0,55.0,196.0
404.0,133.0,55.0,198.0
406.0,135.0,55.0,193.0
408.0,133.0,55.0,193.0
407.0,133.0,58.0,195.0
411.0,135.0,56.0,193.0
409.0,133.0,58.0,194.0
411.0,132.0,58.0,194.0
413.0,133.0,58.0,192.0
414.0,131.0,58.0,193.0
413.0,130.0,57.0,195.0
413.0,132.0,55.0,194.0
411.0,129.0,54.0,195.0
403.0,131.0,62.0,193.0
407.0,131.0,51.0,188.0
407.0,129.0,51.0,192.0
402.0,127.0,56.0,199.0
398.0,127.0,58.0,194.0
396.0,127.0,59.0,190.0
392.0,128.0,61.0,193.0
388.0,127.0,60.0,195.0
386.0,127.0,60.0,193.0
382.0,127.0,59.0,192.0
381.0,126.0,56.0,193.0
378.0,127.0,56.0,191.0
377.0,124.0,56.0,194.0
373.0,121.0,59.0,195.0
372.0,120.0,59.0,195.0
369.0,119.0,62.0,193.0
367.0,118.0,62.0,196.0
366.0,118.0,63.0,195.0
365.0,120.0,64.0,191.0
365.0,118.0,65.0,193.0
365.0,117.0,63.0,191.0
365.0,114.0,62.0,195.0
363.0,113.0,64.0,194.0
361.0,114.0,64.0,193.0
360.0,112.0,63.0,191.0
359.0,110.0,64.0,193.0
360.0,111.0,63.0,193.0
357.0,114.0,63.0,190.0
356.0,114.0,62.0,184.0
355.0,114.0,63.0,189.0
354.0,114.0,61.0,186.0
354.0,113.0,60.0,187.0
353.0,114.0,60.0,188.0
352.0,114.0,62.0,183.0
351.0,114.0,62.0,184.0
351.0,115.0,61.0,186.0
350.0,115.0,60.0,187.0
348.0,116.0,58.0,186.0
348.0,117.0,61.0,183.0
349.0,117.0,58.0,181.0
347.0,116.0,58.0,186.0
330.0,118.0,74.0,197.0
348.0,120.0,54.0,187.0
347.0,123.0,53.0,183.0
334.0,123.0,61.0,183.0
342.0,123.0,53.0,186.0
341.0,123.0,53.0,184.0
338.0,122.0,51.0,184.0
334.0,116.0,52.0,186.0
331.0,116.0,54.0,185.0
327.0,118.0,52.0,176.0
325.0,118.0,51.0,177.0
321.0,117.0,56.0,183.0
318.0,116.0,56.0,190.0
316.0,119.0,56.0,190.0
314.0,121.0,48.0,189.0
313.0,122.0,47.0,179.0
309.0,124.0,50.0,178.0
304.0,123.0,50.0,182.0
300.0,123.0,58.0,182.0
296.0,123.0,50.0,181.0
291.0,123.0,53.0,182.0
289.0,124.0,52.0,181.0
286.0,123.0,50.0,187.0
279.0,120.0,57.0,187.0
279.0,120.0,59.0,198.0
279.0,121.0,61.0,184.0
278.0,124.0,63.0,182.0
278.0,123.0,59.0,184.0
275.0,124.0,62.0,183.0
274.0,124.0,59.0,185.0
277.0,124.0,52.0,187.0
280.0,125.0,46.0,187.0
278.0,123.0,44.0,191.0
281.0,125.0,43.0,188.0
282.0,127.0,44.0,187.0
278.0,129.0,43.0,183.0
280.0,130.0,48.0,188.0
278.0,129.0,45.0,187.0
277.0,131.0,42.0,186.0
276.0,133.0,43.0,184.0
270.0,133.0,50.0,185.0
267.0,135.0,54.0,182.0
268.0,135.0,56.0,184.0
266.0,136.0,65.0,184.0
264.0,137.0,65.0,181.0
261.0,139.0,70.0,182.0
257.0,138.0,74.0,179.0
258.0,137.0,73.0,186.0
255.0,138.0,75.0,186.0
256.0,141.0,71.0,179.0
256.0,140.0,67.0,184.0
255.0,142.0,72.0,183.0
258.0,144.0,67.0,182.0
260.0,145.0,63.0,182.0
261.0,146.0,64.0,181.0
260.0,148.0,66.0,180.0
248.0,148.0,78.0,181.0
264.0,149.0,63.0,180.0
265.0,149.0,65.0,181.0
267.0,150.0,68.0,180.0
269.0,150.0,64.0,180.0
274.0,149.0,61.0,186.0
274.0,146.0,56.0,192.0
273.0,146.0,54.0,183.0
275.0,145.0,52.0,181.0
276.0,137.0,51.0,183.0
275.0,142.0,51.0,182.0
273.0,139.0,52.0,187.0
273.0,139.0,51.0,189.0
272.0,140.0,52.0,187.0
270.0,135.0,52.0,193.0
269.0,135.0,50.0,200.0
269.0,136.0,50.0,197.0
267.0,136.0,51.0,196.0
265.0,138.0,52.0,195.0
263.0,137.0,51.0,197.0
257.0,140.0,50.0,196.0
253.0,138.0,55.0,199.0
249.0,135.0,57.0,203.0
249.0,133.0,57.0,204.0
249.0,130.0,57.0,189.0
250.0,135.0,56.0,191.0
249.0,135.0,57.0,191.0
249.0,133.0,57.0,195.0
247.0,134.0,59.0,193.0
249.0,136.0,56.0,197.0
247.0,137.0,57.0,198.0
249.0,139.0,56.0,199.0
249.0,140.0,58.0,202.0
250.0,143.0,56.0,200.0
251.0,142.0,56.0,202.0
252.0,147.0,57.0,192.0
254.0,147.0,58.0,192.0
255.0,148.0,58.0,183.0
254.0,146.0,60.0,200.0
253.0,147.0,61.0,198.0
252.0,144.0,62.0,201.0
252.0,143.0,60.0,192.0
250.0,145.0,60.0,199.0
247.0,142.0,59.0,202.0
245.0,139.0,58.0,204.0
244.0,138.0,58.0,204.0
244.0,136.0,56.0,194.0
243.0,135.0,56.0,190.0
241.0,132.0,54.0,190.0
239.0,131.0,56.0,185.0
239.0,128.0,56.0,187.0
238.0,130.0,54.0,185.0
238.0,123.0,55.0,192.0
238.0,120.0,55.0,194.0
238.0,124.0,55.0,189.0
238.0,123.0,55.0,189.0
238.0,123.0,56.0,188.0
238.0,123.0,56.0,189.0
239.0,121.0,56.0,187.0
239.0,119.0,58.0,188.0
240.0,120.0,59.0,187.0
241.0,122.0,58.0,184.0
241.0,119.0,59.0,189.0
245.0,120.0,57.0,186.0
245.0,118.0,59.0,188.0
242.0,117.0,63.0,190.0
244.0,112.0,61.0,190.0
243.0,109.0,62.0,197.0
243.0,106.0,62.0,197.0
242.0,109.0,64.0,192.0
243.0,106.0,64.0,192.0
245.0,96.0,63.0,193.0
247.0,94.0,63.0,187.0
247.0,92.0,62.0,188.0
248.0,93.0,64.0,188.0
246.0,92.0,65.0,189.0
247.0,90.0,63.0,190.0
246.0,90.0,64.0,191.0
248.0,90.0,62.0,191.0
247.0,90.0,62.0,190.0
246.0,89.0,62.0,189.0
245.0,88.0,63.0,192.0
244.0,88.0,63.0,192.0
244.0,89.0,63.0,189.0
249.0,88.0,58.0,189.0
248.0,89.0,58.0,188.0
246.0,88.0,60.0,192.0
243.0,86.0,61.0,187.0
243.0,84.0,60.0,194.0
242.0,81.0,60.0,197.0
240.0,80.0,61.0,198.0
239.0,78.0,61.0,200.0
238.0,76.0,59.0,191.0
238.0,73.0,58.0,192.0
237.0,73.0,58.0,191.0
236.0,71.0,59.0,187.0
234.0,68.0,61.0,186.0
232.0,66.0,62.0,189.0
230.0,65.0,62.0,188.0
227.0,63.0,61.0,190.0
225.0,61.0,63.0,188.0
223.0,61.0,64.0,188.0
223.0,61.0,59.0,188.0
222.0,59.0,63.0,190.0
221.0,60.0,60.0,189.0
220.0,59.0,64.0,192.0
221.0,58.0,60.0,189.0
218.0,58.0,62.0,186.0
218.0,58.0,70.0,190.0
216.0,56.0,64.0,191.0
215.0,56.0,65.0,190.0
216.0,55.0,65.0,189.0
218.0,51.0,63.0,187.0
220.0,46.0,61.0,185.0
220.0,46.0,62.0,178.0
220.0,47.0,63.0,177.0
221.0,46.0,62.0,173.0
220.0,43.0,63.0,174.0
220.0,41.0,64.0,174.0
218.0,39.0,65.0,176.0
218.0,36.0,65.0,175.0
217.0,37.0,66.0,174.0
217.0,35.0,66.0,176.0
218.0,34.0,65.0,180.0
218.0,34.0,59.0,179.0
216.0,34.0,62.0,179.0
214.0,34.0,63.0,183.0
215.0,35.0,57.0,182.0
212.0,34.0,58.0,180.0
206.0,30.0,64.0,185.0
205.0,31.0,65.0,184.0
208.0,29.0,61.0,186.0
207.0,27.0,60.0,186.0
208.0,26.0,60.0,185.0
209.0,25.0,59.0,181.0
209.0,23.0,58.0,178.0
209.0,21.0,59.0,172.0
207.0,20.0,62.0,174.0
209.0,17.0,60.0,178.0
211.0,15.0,58.0,182.0
210.0,14.0,59.0,182.0
210.0,14.0,58.0,183.0
210.0,14.0,58.0,183.0
213.0,15.0,56.0,182.0
211.0,16.0,60.0,182.0
212.0,17.0,62.0,181.0
211.0,19.0,66.0,180.0
211.0,19.0,66.0,181.0
210.0,27.0,65.0,174.0
212.0,26.0,63.0,175.0
212.0,29.0,63.0,172.0
212.0,29.0,64.0,172.0
212.0,30.0,64.0,171.0
212.0,27.0,65.0,176.0
212.0,26.0,64.0,177.0
212.0,24.0,66.0,180.0
214.0,22.0,61.0,174.0
215.0,21.0,60.0,170.0
216.0,21.0,61.0,170.0
214.0,22.0,64.0,161.0
215.0,23.0,65.0,161.0
216.0,26.0,64.0,160.0
216.0,28.0,64.0,161.0
217.0,24.0,65.0,168.0
216.0,24.0,64.0,166.0
214.0,25.0,65.0,170.0
214.0,30.0,65.0,168.0
215.0,32.0,66.0,171.0
216.0,42.0,64.0,167.0
219.0,45.0,64.0,162.0
219.0,47.0,64.0,166.0
219.0,55.0,72.0,160.0
219.0,56.0,63.0,163.0
224.0,56.0,62.0,166.0
226.0,56.0,64.0,167.0
223.0,52.0,71.0,172.0
224.0,54.0,64.0,155.0
227.0,55.0,65.0,156.0
226.0,55.0,66.0,153.0
230.0,55.0,63.0,153.0
232.0,54.0,65.0,156.0
234.0,53.0,67.0,159.0
236.0,53.0,64.0,156.0
240.0,54.0,62.0,157.0
240.0,52.0,64.0,159.0
244.0,56.0,63.0,155.0
244.0,56.0,63.0,160.0
247.0,57.0,61.0,158.0
250.0,59.0,60.0,154.0
253.0,59.0,57.0,154.0
254.0,58.0,58.0,157.0
256.0,57.0,51.0,161.0
257.0,57.0,59.0,163.0
259.0,56.0,59.0,166.0
259.0,54.0,48.0,168.0
261.0,52.0,47.0,157.0
262.0,51.0,48.0,156.0
264.0,48.0,44.0,159.0
264.0,46.0,49.0,154.0
257.0,45.0,55.0,155.0
256.0,44.0,56.0,156.0
251.0,41.0,63.0,161.0
252.0,38.0,64.0,163.0
254.0,36.0,65.0,162.0
259.0,37.0,64.0,159.0
261.0,34.0,64.0,159.0
263.0,33.0,64.0,162.0
265.0,37.0,64.0,156.0
278.0,38.0,53.0,154.0
285.0,37.0,49.0,155.0
286.0,36.0,50.0,157.0
290.0,39.0,46.0,153.0
291.0,39.0,45.0,155.0
292.0,37.0,46.0,157.0
293.0,41.0,46.0,152.0
298.0,33.0,45.0,158.0
297.0,37.0,44.0,156.0
299.0,35.0,46.0,158.0
299.0,36.0,48.0,154.0
300.0,35.0,49.0,159.0
303.0,33.0,47.0,160.0
303.0,36.0,47.0,155.0
303.0,39.0,52.0,156.0
304.0,37.0,52.0,157.0
304.0,41.0,55.0,153.0
306.0,44.0,57.0,149.0
306.0,39.0,59.0,153.0
305.0,45.0,63.0,148.0
305.0,48.0,66.0,146.0
306.0,49.0,67.0,144.0
304.0,50.0,72.0,143.0
300.0,47.0,77.0,144.0
303.0,47.0,75.0,146.0
302.0,47.0,73.0,146.0
303.0,45.0,75.0,148.0
303.0,45.0,75.0,146.0
306.0,42.0,73.0,150.0
303.0,40.0,74.0,149.0
308.0,41.0,70.0,149.0
308.0,40.0,69.0,149.0
310.0,38.0,67.0,155.0
314.0,40.0,64.0,155.0
316.0,41.0,61.0,154.0
321.0,42.0,57.0,154.0
320.0,43.0,58.0,155.0
321.0,45.0,56.0,153.0
321.0,49.0,56.0,150.0
320.0,54.0,57.0,145.0
319.0,56.0,62.0,143.0
321.0,57.0,66.0,142.0
321.0,57.0,73.0,142.0
322.0,56.0,75.0,143.0
322.0,54.0,77.0,145.0
324.0,53.0,75.0,146.0
324.0,50.0,76.0,148.0
329.0,48.0,77.0,144.0
340.0,49.0,61.0,142.0
335.0,45.0,65.0,150.0
339.0,46.0,61.0,149.0
341.0,43.0,60.0,150.0
345.0,45.0,56.0,151.0
348.0,43.0,53.0,154.0
349.0,46.0,46.0,151.0
351.0,46.0,44.0,150.0
350.0,47.0,47.0,146.0
351.0,51.0,43.0,142.0
352.0,53.0,44.0,140.0
351.0,54.0,45.0,137.0
352.0,56.0,44.0,136.0
352.0,54.0,45.0,136.0
354.0,53.0,43.0,135.0
355.0,48.0,43.0,140.0
356.0,45.0,41.0,140.0
358.0,43.0,40.0,141.0
358.0,38.0,41.0,144.0
358.0,36.0,42.0,145.0
359.0,33.0,41.0,147.0
360.0,30.0,40.0,147.0
360.0,28.0,39.0,148.0
360.0,28.0,39.0,145.0
361.0,27.0,38.0,144.0
362.0,26.0,37.0,145.0
363.0,24.0,38.0,146.0
364.0,24.0,39.0,145.0
362.0,23.0,39.0,146.0
365.0,23.0,35.0,145.0
364.0,23.0,35.0,145.0
364.0,22.0,36.0,146.0
361.0,22.0,40.0,146.0
362.0,21.0,40.0,147.0
361.0,27.0,41.0,141.0
360.0,27.0,42.0,141.0
360.0,27.0,42.0,141.0
360.0,27.0,44.0,143.0
359.0,29.0,45.0,141.0
360.0,31.0,44.0,140.0
360.0,28.0,45.0,143.0
360.0,30.0,46.0,143.0
360.0,32.0,46.0,141.0
361.0,31.0,43.0,143.0
361.0,32.0,42.0,143.0
358.0,32.0,47.0,142.0
357.0,34.0,45.0,142.0
358.0,36.0,44.0,140.0
359.0,35.0,43.0,140.0
359.0,35.0,45.0,140.0
360.0,35.0,44.0,140.0
358.0,35.0,47.0,141.0
358.0,36.0,46.0,139.0
360.0,35.0,44.0,141.0
360.0,36.0,42.0,140.0
360.0,37.0,44.0,139.0
360.0,39.0,44.0,137.0
360.0,38.0,44.0,138.0
360.0,40.0,42.0,137.0
360.0,39.0,41.0,137.0
359.0,39.0,42.0,137.0
361.0,40.0,40.0,135.0
360.0,39.0,41.0,136.0
359.0,42.0,40.0,134.0
358.0,41.0,42.0,135.0
358.0,42.0,42.0,134.0
359.0,43.0,40.0,134.0
358.0,47.0,40.0,130.0
359.0,43.0,39.0,134.0
357.0,42.0,39.0,135.0
356.0,42.0,39.0,135.0
355.0,41.0,40.0,136.0
353.0,46.0,41.0,130.0
352.0,44.0,42.0,131.0
356.0,42.0,36.0,133.0
347.0,43.0,44.0,131.0
348.0,42.0,42.0,133.0
347.0,43.0,40.0,132.0
346.0,41.0,38.0,133.0
345.0,42.0,38.0,132.0
345.0,45.0,39.0,129.0
344.0,42.0,41.0,131.0
343.0,43.0,41.0,130.0
342.0,41.0,40.0,130.0
340.0,42.0,41.0,128.0
339.0,40.0,41.0,129.0
337.0,39.0,34.0,130.0
336.0,36.0,40.0,131.0
336.0,37.0,35.0,130.0
329.0,34.0,39.0,131.0
327.0,33.0,41.0,133.0
327.0,35.0,40.0,130.0
325.0,33.0,39.0,131.0
322.0,34.0,39.0,129.0
322.0,34.0,39.0,129.0
320.0,36.0,38.0,127.0
319.0,36.0,38.0,126.0
317.0,36.0,40.0,127.0
315.0,35.0,42.0,128.0
314.0,36.0,40.0,127.0
314.0,35.0,39.0,127.0
312.0,34.0,41.0,130.0
311.0,36.0,40.0,127.0
311.0,35.0,40.0,128.0
310.0,35.0,40.0,127.0
307.0,34.0,38.0,128.0
306.0,35.0,38.0,127.0
308.0,35.0,37.0,127.0
307.0,34.0,36.0,129.0
303.0,36.0,41.0,126.0
300.0,34.0,41.0,128.0
298.0,38.0,45.0,125.0
296.0,36.0,44.0,127.0
294.0,36.0,41.0,127.0
292.0,35.0,42.0,128.0
293.0,35.0,40.0,129.0
290.0,41.0,41.0,124.0
289.0,39.0,41.0,126.0
288.0,39.0,41.0,128.0
286.0,41.0,40.0,127.0
285.0,45.0,47.0,122.0
284.0,48.0,40.0,118.0
283.0,48.0,39.0,120.0
277.0,48.0,44.0,121.0
278.0,56.0,42.0,114.0
276.0,62.0,43.0,111.0
276.0,49.0,43.0,122.0
276.0,52.0,41.0,121.0
274.0,51.0,40.0,123.0
276.0,52.0,38.0,122.0
275.0,52.0,38.0,123.0
276.0,54.0,38.0,121.0
275.0,55.0,39.0,120.0
282.0,57.0,33.0,117.0
281.0,58.0,35.0,116.0
278.0,62.0,38.0,112.0
276.0,61.0,40.0,114.0
274.0,62.0,43.0,113.0
273.0,61.0,43.0,115.0
276.0,60.0,39.0,116.0
277.0,59.0,38.0,117.0
278.0,58.0,35.0,117.0
278.0,58.0,36.0,116.0
278.0,58.0,36.0,117.0
279.0,57.0,36.0,118.0
281.0,57.0,34.0,118.0
282.0,54.0,34.0,120.0
281.0,54.0,36.0,120.0
278.0,54.0,40.0,120.0
277.0,54.0,44.0,121.0
277.0,54.0,45.0,119.0
275.0,54.0,48.0,120.0
275.0,55.0,51.0,117.0
278.0,53.0,46.0,118.0
281.0,54.0,46.0,117.0
288.0,55.0,42.0,117.0
292.0,57.0,41.0,116.0
295.0,56.0,42.0,116.0
301.0,56.0,38.0,116.0
302.0,55.0,38.0,117.0
304.0,55.0,37.0,116.0
305.0,55.0,37.0,116.0
308.0,55.0,36.0,116.0
309.0,55.0,37.0,117.0
311.0,54.0,37.0,118.0
313.0,56.0,31.0,116.0
315.0,57.0,34.0,115.0
319.0,56.0,35.0,116.0
324.0,57.0,29.0,115.0
324.0,56.0,31.0,114.0
322.0,57.0,36.0,113.0
329.0,57.0,30.0,114.0
329.0,57.0,32.0,114.0
329.0,56.0,34.0,116.0
329.0,57.0,36.0,115.0
327.0,56.0,40.0,116.0
326.0,57.0,41.0,115.0
326.0,57.0,43.0,115.0
326.0,56.0,40.0,116.0
327.0,56.0,40.0,116.0
329.0,58.0,40.0,115.0
329.0,57.0,41.0,116.0
331.0,59.0,44.0,114.0
332.0,58.0,39.0,114.0
336.0,59.0,36.0,110.0
336.0,59.0,38.0,113.0
341.0,57.0,33.0,111.0
344.0,57.0,33.0,112.0
345.0,57.0,33.0,110.0
348.0,56.0,31.0,111.0
349.0,59.0,30.0,109.0
351.0,62.0,32.0,107.0
353.0,63.0,32.0,105.0
353.0,63.0,34.0,104.0
355.0,64.0,33.0,103.0
358.0,62.0,33.0,103.0
360.0,62.0,32.0,101.0
362.0,62.0,31.0,105.0
364.0,61.0,34.0,105.0
369.0,60.0,31.0,106.0
371.0,61.0,35.0,105.0
370.0,64.0,35.0,109.0
375.0,62.0,39.0,110.0
378.0,61.0,34.0,112.0
381.0,60.0,31.0,112.0
384.0,62.0,28.0,110.0
387.0,62.0,38.0,111.0
388.0,62.0,30.0,110.0
391.0,62.0,27.0,110.0
392.0,64.0,29.0,109.0
395.0,62.0,26.0,110.0
396.0,62.0,28.0,112.0
398.0,63.0,29.0,108.0
399.0,63.0,33.0,106.0
399.0,63.0,32.0,109.0
398.0,63.0,37.0,106.0
396.0,63.0,39.0,109.0
400.0,64.0,36.0,109.0
400.0,64.0,37.0,109.0
396.0,66.0,43.0,108.0
399.0,72.0,36.0,102.0
397.0,74.0,38.0,100.0
395.0,67.0,39.0,108.0
398.0,67.0,24.0,107.0
396.0,68.0,26.0,107.0
397.0,69.0,25.0,107.0
396.0,69.0,25.0,106.0
396.0,69.0,24.0,108.0
394.0,70.0,26.0,108.0
395.0,73.0,26.0,106.0
395.0,75.0,27.0,104.0
392.0,75.0,30.0,107.0
392.0,76.0,31.0,108.0
390.0,79.0,36.0,105.0
390.0,84.0,34.0,104.0
392.0,85.0,31.0,106.0
390.0,87.0,31.0,105.0
391.0,88.0,27.0,106.0
390.0,90.0,29.0,104.0
390.0,91.0,28.0,102.0
389.0,91.0,31.0,105.0
388.0,93.0,31.0,105.0
386.0,92.0,35.0,109.0
384.0,94.0,36.0,106.0
382.0,97.0,34.0,106.0
383.0,98.0,34.0,105.0
385.0,98.0,34.0,107.0
385.0,99.0,32.0,107.0
386.0,99.0,31.0,108.0
383.0,101.0,33.0,106.0
382.0,100.0,38.0,108.0
382.0,101.0,38.0,107.0
383.0,102.0,37.0,107.0
384.0,103.0,39.0,107.0
384.0,105.0,38.0,105.0
388.0,106.0,36.0,104.0
389.0,107.0,36.0,103.0
389.0,109.0,37.0,102.0
393.0,110.0,34.0,101.0
391.0,109.0,38.0,102.0
392.0,111.0,36.0,100.0
391.0,110.0,36.0,102.0
390.0,111.0,36.0,102.0
391.0,112.0,32.0,102.0
389.0,116.0,35.0,100.0
388.0,118.0,36.0,100.0
387.0,120.0,37.0,100.0
385.0,122.0,37.0,99.0
385.0,120.0,37.0,102.0
384.0,122.0,38.0,101.0
383.0,126.0,38.0,101.0
382.0,128.0,38.0,98.0
381.0,132.0,36.0,98.0
380.0,134.0,36.0,97.0
381.0,139.0,34.0,96.0
380.0,141.0,35.0,93.0
379.0,141.0,37.0,95.0
376.0,142.0,40.0,94.0
374.0,143.0,38.0,93.0
375.0,145.0,36.0,93.0
373.0,145.0,39.0,93.0
371.0,145.0,43.0,95.0
364.0,143.0,45.0,97.0
362.0,143.0,44.0,97.0
362.0,143.0,40.0,99.0
362.0,144.0,42.0,97.0
360.0,144.0,44.0,98.0
363.0,143.0,39.0,99.0
366.0,142.0,36.0,100.0
361.0,143.0,43.0,99.0
363.0,140.0,43.0,101.0
362.0,141.0,41.0,99.0
361.0,138.0,42.0,104.0
364.0,135.0,40.0,105.0
362.0,132.0,43.0,108.0
363.0,131.0,43.0,109.0
363.0,129.0,42.0,111.0
362.0,129.0,41.0,113.0
363.0,127.0,40.0,113.0
362.0,127.0,40.0,116.0
362.0,128.0,42.0,115.0
363.0,128.0,42.0,116.0
365.0,128.0,44.0,116.0
369.0,129.0,41.0,118.0
365.0,128.0,46.0,120.0
365.0,129.0,47.0,122.0
368.0,129.0,46.0,121.0
367.0,130.0,48.0,122.0
369.0,133.0,48.0,123.0
369.0,135.0,47.0,123.0
371.0,135.0,47.0,122.0
371.0,135.0,49.0,123.0
373.0,135.0,48.0,125.0
373.0,136.0,49.0,125.0
375.0,136.0,49.0,125.0
375.0,135.0,49.0,126.0
376.0,134.0,50.0,126.0
377.0,135.0,50.0,125.0
377.0,138.0,51.0,127.0
379.0,136.0,47.0,129.0
379.0,133.0,49.0,132.0
382.0,131.0,53.0,131.0
382.0,132.0,54.0,130.0
381.0,131.0,55.0,133.0
384.0,130.0,52.0,134.0
383.0,131.0,55.0,133.0
385.0,128.0,56.0,136.0
385.0,128.0,58.0,138.0
387.0,128.0,59.0,138.0
390.0,126.0,60.0,139.0
389.0,127.0,61.0,140.0
392.0,127.0,61.0,141.0
395.0,123.0,59.0,144.0
395.0,122.0,61.0,150.0
397.0,121.0,62.0,152.0
396.0,124.0,59.0,151.0
396.0,124.0,63.0,152.0
397.0,122.0,58.0,153.0
396.0,119.0,62.0,157.0
396.0,120.0,61.0,154.0
400.0,120.0,57.0,154.0
400.0,117.0,60.0,157.0
400.0,116.0,61.0,158.0
400.0,113.0,61.0,162.0
398.0,115.0,62.0,162.0
400.0,115.0,61.0,162.0
398.0,113.0,63.0,165.0
396.0,112.0,63.0,167.0
396.0,110.0,63.0,168.0
394.0,108.0,61.0,170.0
396.0,106.0,62.0,171.0
397.0,106.0,62.0,171.0
397.0,106.0,65.0,172.0
395.0,107.0,66.0,173.0
396.0,109.0,68.0,173.0
397.0,112.0,68.0,170.0
397.0,111.0,70.0,172.0
395.0,110.0,71.0,172.0
393.0,107.0,74.0,174.0
399.0,108.0,69.0,172.0
398.0,107.0,72.0,174.0
396.0,106.0,74.0,176.0
397.0,107.0,73.0,178.0
397.0,107.0,73.0,179.0
395.0,107.0,75.0,182.0
397.0,109.0,73.0,181.0
401.0,110.0,66.0,181.0
405.0,112.0,66.0,178.0
407.0,114.0,68.0,175.0
408.0,116.0,67.0,173.0
410.0,115.0,69.0,174.0
412.0,116.0,68.0,176.0
413.0,115.0,70.0,178.0
413.0,115.0,73.0,176.0
416.0,114.0,66.0,179.0
417.0,114.0,66.0,179.0
418.0,112.0,64.0,178.0
419.0,109.0,66.0,177.0
421.0,105.0,67.0,177.0
420.0,103.0,68.0,175.0
416.0,99.0,71.0,176.0
421.0,102.0,66.0,173.0
419.0,101.0,67.0,176.0
422.0,102.0,56.0,178.0
416.0,103.0,63.0,179.0
416.0,106.0,59.0,177.0
415.0,106.0,57.0,170.0
413.0,110.0,64.0,175.0
414.0,111.0,71.0,179.0
414.0,114.0,58.0,178.0
414.0,117.0,56.0,177.0
413.0,116.0,58.0,175.0
413.0,116.0,61.0,176.0
415.0,120.0,51.0,177.0
417.0,120.0,50.0,175.0
416.0,121.0,50.0,177.0
418.0,124.0,53.0,170.0
419.0,123.0,55.0,173.0
420.0,125.0,52.0,172.0
426.0,125.0,46.0,169.0
427.0,125.0,50.0,171.0
427.0,124.0,58.0,172.0
431.0,124.0,50.0,171.0
427.0,122.0,53.0,172.0
428.0,121.0,51.0,178.0
429.0,121.0,52.0,178.0
429.0,122.0,52.0,178.0
431.0,122.0,53.0,179.0
432.0,122.0,49.0,180.0
433.0,124.0,49.0,178.0
434.0,125.0,49.0,175.0
433.0,126.0,51.0,179.0
429.0,125.0,60.0,181.0
422.0,126.0,64.0,180.0
422.0,127.0,61.0,176.0
426.0,131.0,76.0,173.0
423.0,130.0,65.0,173.0
417.0,131.0,79.0,173.0
415.0,128.0,74.0,176.0
417.0,129.0,71.0,178.0
418.0,130.0,77.0,177.0
423.0,130.0,69.0,176.0
422.0,127.0,65.0,176.0
420.0,129.0,66.0,175.0
421.0,129.0,63.0,174.0
419.0,128.0,65.0,176.0
413.0,131.0,70.0,173.0
413.0,129.0,68.0,174.0
410.0,129.0,70.0,172.0
410.0,127.0,70.0,173.0
414.0,131.0,63.0,164.0
413.0,120.0,59.0,175.0
403.0,119.0,69.0,174.0
401.0,117.0,70.0,171.0
400.0,115.0,68.0,173.0
398.0,112.0,69.0,170.0
396.0,108.0,72.0,172.0
396.0,105.0,70.0,174.0
396.0,101.0,70.0,174.0
398.0,100.0,67.0,175.0
399.0,95.0,71.0,182.0
400.0,96.0,70.0,175.0
410.0,92.0,56.0,178.0
409.0,92.0,64.0,172.0
400.0,87.0,73.0,178.0
406.0,88.0,67.0,175.0
409.0,86.0,65.0,176.0
408.0,91.0,66.0,170.0
409.0,89.0,60.0,171.0
409.0,89.0,63.0,172.0
407.0,88.0,68.0,169.0
409.0,88.0,64.0,169.0
409.0,86.0,65.0,173.0
407.0,84.0,67.0,175.0
407.0,81.0,65.0,174.0
407.0,81.0,65.0,175.0
411.0,81.0,62.0,174.0
409.0,78.0,64.0,175.0
410.0,76.0,64.0,176.0
412.0,74.0,64.0,177.0
412.0,73.0,65.0,178.0
414.0,76.0,64.0,177.0
415.0,79.0,62.0,176.0
415.0,77.0,64.0,176.0
416.0,75.0,59.0,179.0
415.0,78.0,61.0,177.0
417.0,77.0,62.0,175.0
418.0,79.0,63.0,175.0
418.0,81.0,63.0,173.0
419.0,80.0,62.0,176.0
418.0,82.0,63.0,177.0
419.0,84.0,62.0,173.0
419.0,87.0,63.0,171.0
420.0,88.0,60.0,172.0
420.0,89.0,61.0,173.0
420.0,88.0,60.0,174.0
427.0,88.0,51.0,177.0
428.0,89.0,53.0,175.0
427.0,91.0,53.0,174.0
425.0,95.0,56.0,174.0
424.0,97.0,58.0,174.0
426.0,98.0,56.0,175.0
428.0,101.0,54.0,175.0
426.0,103.0,53.0,175.0
426.0,105.0,55.0,175.0
425.0,109.0,56.0,173.0
427.0,114.0,54.0,171.0
424.0,116.0,57.0,174.0
422.0,118.0,58.0,174.0
419.0,119.0,61.0,177.0
423.0,119.0,57.0,178.0
423.0,122.0,56.0,178.0
422.0,125.0,56.0,175.0
420.0,127.0,58.0,177.0
422.0,127.0,55.0,179.0
420.0,128.0,49.0,178.0
424.0,128.0,48.0,177.0
421.0,129.0,48.0,178.0
424.0,129.0,47.0,178.0
421.0,130.0,52.0,176.0
425.0,130.0,48.0,176.0
423.0,130.0,51.0,178.0
422.0,129.0,54.0,179.0
422.0,129.0,54.0,177.0
423.0,130.0,51.0,175.0
423.0,129.0,50.0,176.0
424.0,132.0,50.0,174.0
424.0,131.0,49.0,174.0
424.0,131.0,51.0,177.0
422.0,131.0,51.0,179.0
420.0,133.0,55.0,176.0
424.0,135.0,52.0,174.0
426.0,134.0,50.0,173.0
423.0,133.0,52.0,175.0
424.0,132.0,51.0,174.0
427.0,132.0,47.0,173.0
427.0,131.0,50.0,173.0
428.0,131.0,49.0,175.0
428.0,131.0,50.0,173.0
421.0,130.0,56.0,173.0
419.0,129.0,58.0,174.0
420.0,130.0,57.0,176.0
419.0,130.0,58.0,174.0
420.0,129.0,57.0,175.0
420.0,129.0,58.0,175.0
419.0,128.0,58.0,176.0
419.0,129.0,58.0,175.0
419.0,130.0,57.0,174.0
418.0,132.0,57.0,172.0
417.0,132.0,57.0,171.0
422.0,130.0,52.0,172.0
416.0,130.0,58.0,171.0
422.0,132.0,51.0,169.0
418.0,129.0,56.0,172.0
420.0,134.0,53.0,167.0
417.0,131.0,52.0,168.0
410.0,132.0,59.0,170.0
416.0,133.0,52.0,165.0
415.0,134.0,55.0,163.0
414.0,134.0,51.0,165.0
415.0,134.0,49.0,166.0
414.0,133.0,51.0,163.0
415.0,134.0,51.0,163.0
414.0,131.0,51.0,167.0
411.0,132.0,55.0,166.0
410.0,131.0,55.0,165.0
409.0,134.0,57.0,164.0
413.0,133.0,52.0,163.0
411.0,138.0,53.0,158.0
411.0,135.0,52.0,159.0
410.0,136.0,51.0,158.0
412.0,136.0,51.0,158.0
408.0,134.0,57.0,160.0
408.0,132.0,56.0,163.0
406.0,130.0,58.0,164.0
406.0,134.0,57.0,159.0
408.0,137.0,56.0,158.0
407.0,138.0,56.0,159.0
405.0,138.0,58.0,157.0
405.0,134.0,59.0,161.0
407.0,136.0,56.0,158.0
406.0,139.0,59.0,157.0
405.0,138.0,60.0,158.0
403.0,139.0,63.0,161.0
406.0,136.0,59.0,162.0
406.0,139.0,58.0,164.0
402.0,138.0,64.0,166.0
403.0,136.0,62.0,160.0
400.0,138.0,68.0,163.0
400.0,137.0,69.0,166.0
397.0,134.0,69.0,170.0
394.0,132.0,73.0,173.0
396.0,131.0,71.0,174.0
392.0,131.0,74.0,174.0
393.0,129.0,78.0,175.0
393.0,130.0,78.0,175.0
397.0,130.0,76.0,175.0
394.0,128.0,75.0,178.0
392.0,127.0,81.0,180.0
400.0,127.0,76.0,180.0
394.0,126.0,82.0,177.0
390.0,127.0,88.0,176.0
391.0,126.0,85.0,178.0
392.0,124.0,83.0,178.0
392.0,124.0,87.0,174.0
394.0,121.0,86.0,177.0
395.0,120.0,83.0,178.0
395.0,120.0,82.0,175.0
394.0,117.0,82.0,179.0
393.0,117.0,82.0,177.0
389.0,116.0,84.0,178.0
389.0,116.0,81.0,177.0
395.0,113.0,74.0,179.0
388.0,111.0,77.0,179.0
390.0,111.0,74.0,177.0
388.0,111.0,75.0,177.0
387.0,110.0,76.0,178.0
385.0,109.0,76.0,177.0
383.0,110.0,78.0,175.0
381.0,109.0,76.0,175.0
377.0,113.0,78.0,170.0
373.0,112.0,77.0,168.0
378.0,114.0,69.0,166.0
372.0,114.0,72.0,165.0
368.0,116.0,75.0,163.0
367.0,117.0,74.0,164.0
367.0,117.0,74.0,164.0
365.0,118.0,73.0,165.0
357.0,112.0,78.0,175.0
356.0,114.0,77.0,173.0
356.0,113.0,75.0,175.0
356.0,111.0,70.0,176.0
354.0,108.0,74.0,177.0
351.0,107.0,77.0,177.0
351.0,111.0,77.0,176.0
351.0,111.0,75.0,179.0
352.0,112.0,75.0,176.0
351.0,114.0,76.0,176.0
352.0,116.0,76.0,174.0
356.0,117.0,73.0,176.0
362.0,119.0,68.0,173.0
364.0,118.0,67.0,175.0
361.0,121.0,70.0,175.0
362.0,122.0,71.0,175.0
363.0,127.0,71.0,172.0
362.0,129.0,73.0,173.0
365.0,130.0,70.0,172.0
364.0,131.0,72.0,176.0
365.0,135.0,71.0,170.0
367.0,138.0,69.0,170.0
368.0,140.0,69.0,171.0
369.0,141.0,70.0,169.0
369.0,141.0,70.0,173.0
369.0,145.0,68.0,167.0
369.0,144.0,71.0,171.0
369.0,144.0,72.0,169.0
371.0,145.0,73.0,171.0
371.0,148.0,75.0,170.0
381.0,152.0,64.0,167.0
376.0,151.0,71.0,169.0
381.0,154.0,70.0,165.0
388.0,156.0,64.0,165.0
387.0,158.0,68.0,162.0
385.0,165.0,72.0,156.0
387.0,168.0,71.0,153.0
392.0,176.0,67.0,142.0
393.0,176.0,67.0,142.0
391.0,177.0,68.0,143.0
387.0,178.0,71.0,140.0
388.0,177.0,70.0,140.0
386.0,175.0,70.0,144.0
389.0,174.0,67.0,143.0
386.0,171.0,68.0,147.0
380.0,172.0,73.0,150.0
378.0,173.0,75.0,151.0
380.0,172.0,72.0,151.0
383.0,171.0,71.0,152.0
382.0,172.0,73.0,151.0
381.0,174.0,75.0,148.0
384.0,173.0,74.0,149.0
384.0,174.0,74.0,148.0
382.0,174.0,69.0,146.0
381.0,172.0,71.0,145.0
382.0,173.0,70.0,145.0
379.0,170.0,74.0,147.0
374.0,170.0,81.0,142.0
371.0,165.0,82.0,145.0
372.0,161.0,80.0,150.0
371.0,159.0,80.0,148.0
369.0,157.0,80.0,147.0
368.0,157.0,82.0,145.0
369.0,155.0,80.0,143.0
368.0,154.0,75.0,142.0
367.0,151.0,78.0,144.0
367.0,146.0,76.0,147.0
368.0,142.0,67.0,146.0
368.0,141.0,69.0,145.0
368.0,139.0,68.0,144.0
368.0,134.0,61.0,146.0
368.0,131.0,58.0,148.0
368.0,129.0,58.0,149.0
368.0,129.0,58.0,146.0
371.0,127.0,54.0,147.0
376.0,127.0,51.0,146.0
383.0,127.0,44.0,144.0
390.0,130.0,38.0,139.0
395.0,133.0,32.0,135.0
396.0,138.0,31.0,128.0
399.0,164.0,29.0,100.0
399.0,171.0,29.0,92.0
376.0,166.0,53.0,98.0
376.0,160.0,55.0,102.0
377.0,137.0,19.0,58.0
376.0,125.0,48.0,135.0
374.0,124.0,52.0,136.0
374.0,118.0,56.0,141.0
372.0,116.0,54.0,141.0
372.0,112.0,56.0,144.0
372.0,109.0,57.0,146.0
371.0,112.0,54.0,144.0
371.0,113.0,55.0,142.0
369.0,117.0,51.0,137.0
369.0,121.0,50.0,132.0
368.0,121.0,50.0,132.0
367.0,121.0,51.0,131.0
366.0,121.0,51.0,130.0
365.0,118.0,52.0,134.0
363.0,118.0,54.0,135.0
361.0,116.0,55.0,136.0
360.0,117.0,55.0,136.0
360.0,116.0,54.0,138.0
359.0,118.0,55.0,138.0
359.0,118.0,55.0,138.0
357.0,121.0,55.0,135.0
356.0,119.0,52.0,142.0
354.0,118.0,54.0,143.0
354.0,121.0,55.0,143.0
353.0,123.0,58.0,143.0
353.0,125.0,57.0,143.0
353.0,127.0,56.0,143.0
351.0,130.0,58.0,140.0
349.0,130.0,62.0,144.0
349.0,133.0,61.0,139.0
350.0,135.0,60.0,139.0
351.0,135.0,58.0,139.0
350.0,136.0,58.0,139.0
352.0,142.0,56.0,136.0
351.0,144.0,56.0,136.0
349.0,147.0,58.0,136.0
350.0,146.0,57.0,138.0
349.0,149.0,57.0,136.0
349.0,149.0,58.0,138.0
349.0,152.0,58.0,136.0
347.0,152.0,59.0,137.0
346.0,153.0,59.0,137.0
345.0,153.0,61.0,137.0
344.0,155.0,61.0,135.0
344.0,154.0,60.0,137.0
343.0,157.0,59.0,136.0
345.0,158.0,58.0,134.0
342.0,159.0,59.0,135.0
342.0,160.0,58.0,135.0
344.0,158.0,54.0,134.0
342.0,159.0,53.0,133.0
341.0,158.0,54.0,135.0
341.0,160.0,52.0,131.0
341.0,160.0,51.0,133.0
340.0,161.0,50.0,135.0
339.0,162.0,51.0,135.0
336.0,161.0,53.0,137.0
334.0,164.0,52.0,134.0
333.0,167.0,55.0,131.0
330.0,167.0,57.0,132.0
329.0,168.0,54.0,130.0
325.0,171.0,55.0,129.0
324.0,173.0,56.0,126.0
323.0,172.0,56.0,127.0
322.0,173.0,55.0,129.0
319.0,174.0,56.0,129.0
320.0,173.0,53.0,132.0
320.0,176.0,52.0,128.0
319.0,175.0,51.0,129.0
315.0,176.0,53.0,128.0
314.0,176.0,51.0,128.0
311.0,176.0,53.0,128.0
309.0,178.0,53.0,127.0
306.0,179.0,52.0,125.0
304.0,181.0,52.0,127.0
303.0,179.0,51.0,129.0
301.0,180.0,50.0,127.0
297.0,180.0,51.0,126.0
296.0,178.0,50.0,128.0
291.0,177.0,52.0,129.0
291.0,179.0,50.0,127.0
288.0,179.0,50.0,127.0
284.0,179.0,53.0,128.0
281.0,177.0,53.0,129.0
277.0,183.0,53.0,122.0
278.0,183.0,50.0,122.0
275.0,181.0,52.0,124.0
272.0,182.0,52.0,124.0
271.0,181.0,50.0,125.0
267.0,184.0,51.0,121.0
263.0,185.0,53.0,121.0
262.0,183.0,51.0,124.0
265.0,183.0,46.0,123.0
255.0,183.0,52.0,124.0
253.0,186.0,53.0,121.0
248.0,189.0,55.0,120.0
247.0,189.0,53.0,120.0
244.0,190.0,54.0,118.0
240.0,193.0,55.0,116.0
239.0,193.0,56.0,118.0
237.0,194.0,55.0,117.0
234.0,198.0,55.0,110.0
232.0,198.0,55.0,110.0
230.0,198.0,56.0,109.0
226.0,197.0,57.0,111.0
225.0,196.0,57.0,112.0
224.0,196.0,54.0,112.0
