703.0,239.0,35.0,72.0
699.0,240.0,36.0,73.0
696.0,241.0,32.0,69.0
693.0,240.0,34.0,67.0
689.0,240.0,34.0,67.0
687.0,239.0,32.0,66.0
685.0,238.0,31.0,64.0
682.0,238.0,30.0,73.0
680.0,236.0,29.0,75.0
678.0,236.0,30.0,75.0
675.0,238.0,30.0,74.0
671.0,240.0,31.0,71.0
670.0,244.0,30.0,66.0
666.0,243.0,30.0,62.0
663.0,246.0,30.0,58.0
658.0,244.0,29.0,61.0
654.0,246.0,28.0,59.0
650.0,246.0,30.0,58.0
646.0,246.0,29.0,56.0
641.0,245.0,29.0,56.0
638.0,245.0,31.0,58.0
634.0,243.0,30.0,58.0
631.0,246.0,30.0,55.0
627.0,246.0,30.0,56.0
622.0,244.0,33.0,56.0
620.0,244.0,31.0,57.0
616.0,242.0,30.0,60.0
611.0,246.0,33.0,56.0
608.0,246.0,32.0,54.0
603.0,246.0,34.0,52.0
599.0,246.0,35.0,51.0
597.0,244.0,35.0,55.0
595.0,242.0,34.0,56.0
595.0,246.0,30.0,52.0
594.0,244.0,29.0,53.0
591.0,242.0,28.0,55.0
588.0,242.0,28.0,54.0
586.0,242.0,27.0,56.0
583.0,245.0,25.0,51.0
579.0,243.0,27.0,53.0
578.0,246.0,24.0,49.0
574.0,246.0,24.0,50.0
572.0,246.0,24.0,49.0
569.0,242.0,23.0,50.0
565.0,242.0,24.0,51.0
565.0,243.0,20.0,50.0
558.0,241.0,23.0,49.0
552.0,242.0,25.0,50.0
548.0,242.0,27.0,49.0
546.0,241.0,28.0,49.0
544.0,240.0,27.0,49.0
542.0,243.0,28.0,48.0
542.0,242.0,29.0,48.0
541.0,242.0,27.0,46.0
540.0,243.0,27.0,45.0
538.0,243.0,27.0,45.0
541.0,242.0,24.0,46.0
540.0,242.0,25.0,47.0
538.0,244.0,28.0,45.0
535.0,242.0,30.0,47.0
535.0,240.0,30.0,49.0
535.0,242.0,30.0,45.0
536.0,243.0,26.0,44.0
535.0,243.0,27.0,42.0
534.0,239.0,26.0,46.0
533.0,242.0,24.0,44.0
532.0,242.0,25.0,43.0
532.0,242.0,25.0,44.0
530.0,242.0,28.0,43.0
528.0,241.0,27.0,42.0
528.0,241.0,26.0,42.0
527.0,243.0,25.0,40.0
527.0,243.0,24.0,41.0
526.0,239.0,25.0,44.0
525.0,240.0,28.0,42.0
527.0,241.0,24.0,43.0
527.0,240.0,24.0,44.0
528.0,244.0,24.0,42.0
531.0,240.0,22.0,47.0
535.0,241.0,20.0,46.0
537.0,239.0,19.0,50.0
538.0,240.0,21.0,49.0
542.0,244.0,20.0,45.0
543.0,243.0,21.0,46.0
545.0,245.0,22.0,44.0
545.0,246.0,25.0,42.0
548.0,252.0,25.0,37.0
549.0,247.0,26.0,42.0
552.0,244.0,28.0,45.0
554.0,242.0,29.0,43.0
558.0,239.0,28.0,48.0
560.0,240.0,28.0,46.0
565.0,241.0,27.0,46.0
567.0,240.0,28.0,49.0
569.0,247.0,26.0,40.0
571.0,240.0,27.0,47.0
576.0,246.0,24.0,40.0
576.0,245.0,23.0,40.0
577.0,246.0,28.0,39.0
581.0,247.0,26.0,36.0
583.0,247.0,28.0,37.0
584.0,246.0,29.0,39.0
584.0,246.0,31.0,37.0
587.0,242.0,29.0,41.0
591.0,246.0,27.0,37.0
591.0,246.0,27.0,37.0
592.0,247.0,29.0,37.0
594.0,248.0,26.0,35.0
594.0,248.0,27.0,35.0
596.0,248.0,26.0,35.0
597.0,248.0,27.0,35.0
597.0,248.0,27.0,37.0
597.0,249.0,29.0,34.0
598.0,246.0,29.0,38.0
597.0,249.0,29.0,36.0
594.0,245.0,28.0,40.0
588.0,242.0,28.0,40.0
582.0,242.0,28.0,40.0
577.0,243.0,28.0,36.0
570.0,244.0,30.0,37.0
564.0,246.0,29.0,34.0
557.0,241.0,30.0,37.0
552.0,239.0,28.0,41.0
543.0,240.0,30.0,42.0
532.0,239.0,32.0,42.0
527.0,239.0,30.0,43.0
520.0,238.0,27.0,41.0
511.0,237.0,28.0,41.0
501.0,242.0,30.0,35.0
498.0,240.0,25.0,39.0
487.0,239.0,27.0,39.0
477.0,239.0,29.0,39.0
467.0,239.0,29.0,40.0
459.0,241.0,26.0,42.0
449.0,246.0,25.0,41.0
435.0,246.0,26.0,42.0
420.0,246.0,29.0,44.0
407.0,247.0,30.0,42.0
395.0,247.0,29.0,43.0
383.0,249.0,28.0,40.0
368.0,254.0,31.0,36.0
354.0,256.0,26.0,39.0
334.0,254.0,22.0,39.0
311.0,258.0,25.0,33.0
288.0,258.0,27.0,29.0
271.0,260.0,22.0,27.0
252.0,246.0,22.0,40.0
232.0,249.0,23.0,41.0
212.0,249.0,25.0,40.0
193.0,248.0,26.0,44.0
174.0,251.0,26.0,41.0
159.0,254.0,23.0,41.0
144.0,251.0,31.0,43.0
132.0,252.0,30.0,43.0
119.0,253.0,29.0,46.0
105.0,254.0,31.0,43.0
92.0,254.0,29.0,45.0
84.0,255.0,33.0,44.0
80.0,260.0,35.0,41.0
78.0,264.0,37.0,39.0
82.0,262.0,33.0,41.0
81.0,262.0,33.0,43.0
83.0,262.0,32.0,45.0
84.0,263.0,35.0,48.0
88.0,266.0,35.0,49.0
91.0,264.0,36.0,51.0
95.0,263.0,34.0,55.0
94.0,267.0,33.0,55.0
92.0,263.0,36.0,58.0
92.0,266.0,38.0,56.0
93.0,269.0,38.0,54.0
93.0,266.0,41.0,57.0
94.0,263.0,39.0,60.0
96.0,263.0,39.0,63.0
97.0,268.0,41.0,58.0
101.0,266.0,43.0,60.0
108.0,269.0,43.0,54.0
112.0,268.0,45.0,55.0
120.0,266.0,44.0,58.0
126.0,268.0,41.0,53.0
136.0,266.0,41.0,54.0
146.0,264.0,40.0,54.0
157.0,262.0,39.0,53.0
168.0,261.0,39.0,51.0
177.0,263.0,40.0,46.0
186.0,260.0,39.0,51.0
194.0,261.0,37.0,48.0
200.0,261.0,38.0,49.0
209.0,262.0,34.0,51.0
216.0,263.0,34.0,50.0
224.0,262.0,33.0,51.0
234.0,266.0,29.0,47.0
245.0,262.0,24.0,53.0
253.0,266.0,23.0,51.0
260.0,264.0,22.0,52.0
266.0,267.0,24.0,48.0
272.0,263.0,23.0,53.0
278.0,262.0,25.0,53.0
287.0,258.0,24.0,58.0
293.0,259.0,26.0,58.0
301.0,258.0,27.0,57.0
306.0,258.0,29.0,57.0
316.0,257.0,27.0,59.0
321.0,257.0,30.0,59.0
333.0,259.0,25.0,58.0
339.0,259.0,27.0,57.0
344.0,256.0,30.0,59.0
354.0,258.0,27.0,56.0
362.0,259.0,25.0,55.0
368.0,259.0,27.0,54.0
375.0,257.0,27.0,56.0
381.0,258.0,29.0,55.0
386.0,261.0,31.0,52.0
394.0,258.0,29.0,54.0
400.0,254.0,31.0,60.0
408.0,257.0,29.0,52.0
417.0,258.0,28.0,51.0
426.0,256.0,27.0,49.0
436.0,255.0,25.0,50.0
444.0,253.0,24.0,51.0
451.0,257.0,25.0,46.0
460.0,259.0,22.0,46.0
465.0,260.0,23.0,45.0
474.0,260.0,20.0,47.0
476.0,262.0,23.0,48.0
479.0,264.0,24.0,46.0
487.0,263.0,23.0,49.0
487.0,265.0,25.0,49.0
487.0,264.0,25.0,47.0
489.0,264.0,25.0,45.0
493.0,259.0,21.0,46.0
496.0,255.0,20.0,48.0
496.0,257.0,22.0,47.0
494.0,256.0,23.0,49.0
494.0,258.0,23.0,48.0
492.0,258.0,26.0,49.0
493.0,258.0,25.0,49.0
490.0,262.0,28.0,47.0
490.0,262.0,29.0,45.0
490.0,263.0,29.0,44.0
489.0,260.0,30.0,49.0
490.0,262.0,29.0,48.0
475.0,264.0,29.0,43.0
463.0,264.0,27.0,45.0
447.0,262.0,29.0,44.0
431.0,262.0,30.0,45.0
415.0,258.0,29.0,49.0
400.0,260.0,31.0,47.0
384.0,258.0,33.0,48.0
368.0,259.0,34.0,48.0
358.0,260.0,31.0,45.0
344.0,260.0,33.0,46.0
331.0,260.0,33.0,47.0
318.0,263.0,36.0,50.0
307.0,267.0,36.0,48.0
299.0,269.0,33.0,47.0
294.0,268.0,29.0,50.0
287.0,268.0,35.0,51.0
282.0,265.0,37.0,58.0
275.0,275.0,39.0,47.0
270.0,277.0,39.0,48.0
264.0,278.0,40.0,48.0
258.0,281.0,41.0,47.0
247.0,283.0,43.0,47.0
238.0,285.0,42.0,48.0
229.0,287.0,43.0,47.0
218.0,293.0,44.0,42.0
211.0,294.0,41.0,43.0
202.0,297.0,39.0,42.0
191.0,298.0,38.0,37.0
180.0,296.0,38.0,40.0
170.0,297.0,38.0,35.0
165.0,294.0,28.0,39.0
165.0,292.0,26.0,43.0
164.0,296.0,25.0,40.0
171.0,294.0,23.0,43.0
177.0,298.0,21.0,32.0
191.0,299.0,19.0,38.0
0.0,0.0,0.0,0.0
0.0,0.0,0.0,0.0
0.0,0.0,0.0,0.0
0.0,0.0,0.0,0.0
0.0,0.0,0.0,0.0
213.0,302.0,29.0,43.0
217.0,300.0,30.0,44.0
223.0,303.0,34.0,41.0
232.0,306.0,31.0,37.0
235.0,304.0,32.0,39.0
236.0,300.0,36.0,45.0
237.0,298.0,38.0,45.0
240.0,298.0,40.0,46.0
244.0,298.0,45.0,45.0
246.0,294.0,44.0,49.0
250.0,294.0,42.0,49.0
256.0,297.0,39.0,47.0
263.0,296.0,36.0,46.0
269.0,295.0,31.0,48.0
275.0,296.0,31.0,45.0
283.0,296.0,30.0,47.0
288.0,296.0,30.0,46.0
293.0,295.0,31.0,47.0
298.0,295.0,33.0,48.0
302.0,296.0,35.0,47.0
310.0,295.0,34.0,44.0
315.0,294.0,33.0,44.0
320.0,293.0,34.0,44.0
332.0,291.0,31.0,47.0
338.0,296.0,30.0,42.0
339.0,296.0,35.0,42.0
342.0,297.0,37.0,42.0
348.0,297.0,33.0,44.0
354.0,299.0,28.0,42.0
360.0,301.0,27.0,39.0
365.0,299.0,23.0,40.0
365.0,302.0,22.0,39.0
371.0,298.0,17.0,44.0
370.0,299.0,20.0,44.0
371.0,299.0,18.0,44.0
372.0,295.0,16.0,44.0
373.0,297.0,19.0,38.0
379.0,293.0,20.0,25.0
383.0,292.0,14.0,20.0
390.0,290.0,11.0,16.0
395.0,294.0,6.0,10.0
398.0,295.0,5.0,8.0
389.0,287.0,14.0,17.0
388.0,289.0,18.0,15.0
390.0,287.0,16.0,19.0
390.0,283.0,17.0,23.0
392.0,284.0,16.0,23.0
391.0,284.0,17.0,21.0
391.0,286.0,16.0,19.0
394.0,286.0,16.0,19.0
396.0,286.0,14.0,19.0
395.0,286.0,16.0,19.0
395.0,286.0,17.0,26.0
395.0,286.0,20.0,30.0
394.0,288.0,24.0,35.0
395.0,291.0,24.0,34.0
394.0,289.0,22.0,35.0
397.0,289.0,15.0,24.0
397.0,289.0,11.0,23.0
395.0,290.0,12.0,20.0
395.0,290.0,8.0,14.0
393.0,292.0,7.0,9.0
0.0,0.0,0.0,0.0
371.0,302.0,12.0,9.0
369.0,300.0,15.0,12.0
367.0,301.0,16.0,9.0
361.0,294.0,20.0,19.0
355.0,295.0,27.0,22.0
352.0,294.0,28.0,21.0
353.0,297.0,23.0,14.0
344.0,295.0,25.0,20.0
337.0,294.0,23.0,10.0
325.0,292.0,27.0,12.0
317.0,300.0,28.0,16.0
307.0,300.0,29.0,17.0
295.0,298.0,30.0,18.0
284.0,300.0,22.0,16.0
270.0,303.0,24.0,19.0
261.0,303.0,13.0,16.0
246.0,299.0,27.0,18.0
233.0,299.0,29.0,20.0
222.0,300.0,31.0,21.0
215.0,295.0,29.0,20.0
206.0,294.0,31.0,26.0
197.0,292.0,36.0,39.0
187.0,289.0,35.0,45.0
178.0,292.0,36.0,45.0
168.0,290.0,33.0,46.0
162.0,294.0,29.0,44.0
157.0,294.0,31.0,44.0
152.0,294.0,35.0,44.0
149.0,294.0,35.0,41.0
143.0,296.0,33.0,46.0
143.0,296.0,29.0,44.0
139.0,294.0,29.0,52.0
136.0,294.0,28.0,47.0
136.0,295.0,27.0,47.0
143.0,295.0,21.0,49.0
143.0,299.0,21.0,46.0
143.0,298.0,22.0,47.0
141.0,294.0,23.0,54.0
140.0,294.0,24.0,55.0
138.0,297.0,24.0,57.0
136.0,296.0,26.0,55.0
136.0,299.0,26.0,52.0
136.0,299.0,27.0,51.0
137.0,300.0,28.0,50.0
136.0,299.0,23.0,45.0
135.0,299.0,19.0,48.0
133.0,300.0,20.0,45.0
134.0,301.0,21.0,43.0
134.0,301.0,24.0,43.0
142.0,300.0,20.0,43.0
143.0,296.0,22.0,47.0
145.0,298.0,23.0,47.0
150.0,295.0,22.0,53.0
149.0,290.0,20.0,51.0
146.0,293.0,19.0,48.0
141.0,298.0,20.0,41.0
